0.100504 0.111198 0.123062 0.136233 0.150871 0.16716 0.185314 0.205587 0.228279 0.282464 
0.100605 0.111318 0.123196 0.136385 0.151043 0.167356 0.185539 0.205847 0.231469 0.282769 
0.100707 0.111437 0.123331 0.136537 0.151215 0.167553 0.185765 0.206398 0.234078 0.283075 
0.100809 0.111556 0.123466 0.136689 0.151388 0.16775 0.18602 0.207123 0.236251 0.283381 
0.100911 0.111675 0.123601 0.136842 0.151562 0.16795 0.186317 0.207947 0.238094 0.283687 
0.101013 0.111794 0.123737 0.136995 0.151736 0.168158 0.186657 0.208821 0.239682 0.283994 
0.101115 0.111913 0.123872 0.137149 0.151911 0.168376 0.187038 0.209714 0.24107 0.284301 
0.101217 0.112032 0.124008 0.137303 0.152089 0.168605 0.187454 0.210606 0.242301 0.284608 
0.101319 0.112151 0.124144 0.137457 0.152269 0.168849 0.187899 0.211484 0.243406 0.284916 
0.101422 0.11227 0.12428 0.137612 0.152453 0.169106 0.188368 0.212343 0.244408 0.285225 
0.101524 0.112389 0.124416 0.137768 0.152641 0.169377 0.188854 0.213177 0.245327 0.285533 
0.101627 0.112508 0.124552 0.137926 0.152835 0.169662 0.189354 0.213985 0.246176 0.285842 
0.10173 0.112627 0.124689 0.138085 0.153034 0.169959 0.189864 0.214767 0.246967 0.286152 
0.101832 0.112747 0.124826 0.138245 0.153239 0.170267 0.19038 0.215523 0.247709 0.286461 
0.101935 0.112866 0.124964 0.138408 0.15345 0.170587 0.1909 0.216254 0.248409 0.286771 
0.102038 0.112986 0.125103 0.138574 0.153667 0.170915 0.19142 0.216961 0.249074 0.287082 
0.102142 0.113106 0.125242 0.138741 0.15389 0.171252 0.191941 0.217645 0.249707 0.287393 
0.102245 0.113226 0.125383 0.138912 0.154119 0.171596 0.192459 0.218308 0.250313 0.287704 
0.102348 0.113346 0.125524 0.139085 0.154354 0.171946 0.192975 0.218952 0.250895 0.288016 
0.102452 0.113467 0.125666 0.139262 0.154594 0.172301 0.193487 0.219576 0.251456 0.288328 
0.102555 0.113589 0.12581 0.139441 0.154839 0.17266 0.193995 0.220183 0.251999 0.288641 
0.102659 0.11371 0.125955 0.139623 0.15509 0.173024 0.194499 0.220774 0.252525 0.288953 
0.102763 0.113833 0.126102 0.139809 0.155344 0.173389 0.194997 0.22135 0.253036 0.289267 
0.102867 0.113956 0.126249 0.139997 0.155603 0.173758 0.19549 0.221912 0.253534 0.28958 
0.102971 0.114079 0.126399 0.140189 0.155866 0.174127 0.195977 0.22246 0.25402 0.289894 
0.103075 0.114203 0.12655 0.140383 0.156133 0.174498 0.196459 0.222997 0.254495 0.290209 
0.103179 0.114328 0.126703 0.140581 0.156403 0.17487 0.196935 0.223522 0.25496 0.290524 
0.103283 0.114454 0.126858 0.140781 0.156676 0.175242 0.197406 0.224036 0.255416 0.290839 
0.103388 0.11458 0.127014 0.140984 0.156951 0.175615 0.197872 0.22454 0.255864 0.291155 
0.103492 0.114707 0.127172 0.14119 0.15723 0.175987 0.198332 0.225035 0.256304 0.291471 
0.103597 0.114835 0.127331 0.141398 0.15751 0.176358 0.198787 0.225521 0.256738 0.291787 
0.103702 0.114964 0.127493 0.141609 0.157792 0.176729 0.199237 0.225999 0.257165 0.292104 
0.103807 0.115094 0.127656 0.141821 0.158076 0.177099 0.199682 0.226469 0.257586 0.292421 
0.103912 0.115225 0.127821 0.142036 0.158362 0.177468 0.200122 0.226931 0.258001 0.292739 
0.104017 0.115356 0.127987 0.142254 0.158649 0.177836 0.200557 0.227387 0.258412 0.293057 
0.104122 0.115488 0.128155 0.142473 0.158937 0.178203 0.200988 0.227837 0.258818 0.293375 
0.104227 0.115622 0.128325 0.142694 0.159226 0.178568 0.201415 0.22828 0.259219 0.293694 
0.104333 0.115756 0.128496 0.142916 0.159516 0.178932 0.201837 0.228717 0.259617 0.294013 
0.104438 0.115891 0.128668 0.14314 0.159807 0.179294 0.202254 0.229149 0.26001 0.294333 
0.104544 0.116026 0.128842 0.143366 0.160098 0.179655 0.202668 0.229576 0.260401 0.294653 
0.104649 0.116163 0.129018 0.143594 0.16039 0.180015 0.203078 0.229998 0.260788 0.294973 
0.104755 0.1163 0.129194 0.143822 0.160682 0.180372 0.203485 0.230416 0.261171 0.295294 
0.104861 0.116439 0.129372 0.144052 0.160975 0.180729 0.203887 0.230829 0.261552 0.295616 
0.104967 0.116577 0.129551 0.144283 0.161267 0.181083 0.204286 0.231238 0.261931 0.295937 
0.105074 0.116717 0.129732 0.144515 0.16156 0.181436 0.204682 0.231643 0.262306 0.296259 
0.10518 0.116858 0.129913 0.144748 0.161853 0.181787 0.205075 0.232044 0.26268 0.296582 
0.105286 0.116999 0.130096 0.144981 0.162145 0.182137 0.205464 0.232442 0.263051 0.296905 
0.105393 0.117141 0.130279 0.145216 0.162438 0.182485 0.20585 0.232836 0.26342 0.297228 
0.105499 0.117283 0.130464 0.145451 0.16273 0.182831 0.206234 0.233227 0.263787 0.297552 
0.105606 0.117426 0.130649 0.145687 0.163022 0.183176 0.206614 0.233615 0.264152 0.297876 
0.105713 0.11757 0.130836 0.145924 0.163314 0.183519 0.206992 0.234 0.264516 0.2982 
0.10582 0.117714 0.131023 0.146161 0.163606 0.18386 0.207367 0.234382 0.264878 0.298525 
0.105927 0.117859 0.131211 0.146399 0.163897 0.1842 0.20774 0.234762 0.265238 0.29885 
0.106034 0.118005 0.131399 0.146637 0.164187 0.184539 0.20811 0.235139 0.265597 0.299176 
0.106141 0.118151 0.131588 0.146875 0.164478 0.184876 0.208477 0.235514 0.265954 0.299502 
0.106249 0.118297 0.131778 0.147114 0.164767 0.185211 0.208843 0.235886 0.26631 0.299829 
0.106356 0.118444 0.131969 0.147353 0.165057 0.185545 0.209206 0.236256 0.266665 0.300156 
0.106464 0.118591 0.13216 0.147592 0.165346 0.185878 0.209567 0.236624 0.267018 0.300483 
0.106572 0.118739 0.132351 0.147831 0.165634 0.186209 0.209926 0.23699 0.267371 0.300811 
0.106679 0.118887 0.132543 0.148071 0.165922 0.186538 0.210283 0.237354 0.267723 0.301139 
0.106787 0.119036 0.132735 0.14831 0.166209 0.186866 0.210638 0.237716 0.268073 0.301468 
0.106895 0.119184 0.132928 0.14855 0.166495 0.187193 0.210991 0.238076 0.268423 0.301797 
0.107004 0.119334 0.133121 0.14879 0.166781 0.187519 0.211343 0.238435 0.268771 0.302127 
0.107112 0.119483 0.133314 0.14903 0.167067 0.187843 0.211692 0.238792 0.269119 0.302456 
0.10722 0.119633 0.133508 0.149269 0.167352 0.188166 0.21204 0.239148 0.269466 0.302787 
0.107329 0.119783 0.133702 0.149509 0.167636 0.188488 0.212387 0.239502 0.269813 0.303118 
0.107437 0.119933 0.133896 0.149748 0.167919 0.188809 0.212731 0.239854 0.270158 0.303449 
0.107546 0.120084 0.13409 0.149988 0.168202 0.189128 0.213074 0.240205 0.270503 0.30378 
0.107655 0.120234 0.134285 0.150227 0.168484 0.189446 0.213416 0.240555 0.270848 0.304112 
0.107764 0.120385 0.134479 0.150466 0.168766 0.189763 0.213756 0.240904 0.271192 0.304445 
0.107873 0.120536 0.134674 0.150705 0.169047 0.190079 0.214095 0.241251 0.271535 0.304778 
0.107982 0.120688 0.134869 0.150944 0.169327 0.190393 0.214432 0.241597 0.271878 0.305111 
0.108092 0.120839 0.135064 0.151183 0.169607 0.190707 0.214769 0.241942 0.27222 0.305445 
0.108201 0.120991 0.135259 0.151421 0.169886 0.19102 0.215103 0.242286 0.272562 0.305779 
0.10831 0.121143 0.135454 0.151659 0.170164 0.191331 0.215437 0.242629 0.272903 0.306113 
0.10842 0.121295 0.135649 0.151897 0.170442 0.191642 0.215769 0.242971 0.273244 0.306448 
0.10853 0.121447 0.135844 0.152135 0.170719 0.191951 0.216101 0.243312 0.273585 0.306784 
0.10864 0.121599 0.136039 0.152372 0.170995 0.19226 0.216431 0.243652 0.273925 0.30712 
0.10875 0.121751 0.136234 0.152609 0.171271 0.192567 0.21676 0.243992 0.274265 0.307456 
0.10886 0.121903 0.136429 0.152846 0.171546 0.192874 0.217088 0.24433 0.274604 0.307793 
0.10897 0.122055 0.136624 0.153083 0.171821 0.193179 0.217415 0.244668 0.274944 0.30813 
0.10908 0.122208 0.136819 0.153319 0.172095 0.193484 0.217741 0.245004 0.275283 0.308468 
0.109191 0.12236 0.137013 0.153555 0.172368 0.193788 0.218066 0.24534 0.275621 0.308806 
0.109301 0.122513 0.137208 0.15379 0.172641 0.194091 0.21839 0.245676 0.27596 0.309144 
0.109412 0.122665 0.137403 0.154025 0.172913 0.194393 0.218713 0.24601 0.276298 0.309483 
0.109523 0.122818 0.137597 0.15426 0.173184 0.194694 0.219036 0.246344 0.276636 0.309822 
0.109634 0.122971 0.137791 0.154495 0.173455 0.194995 0.219357 0.246678 0.276974 0.310162 
0.109745 0.123123 0.137986 0.154729 0.173725 0.195294 0.219678 0.24701 0.277312 0.310502 
0.109856 0.123276 0.13818 0.154963 0.173995 0.195593 0.219998 0.247342 0.27765 0.310843 
0.109967 0.123429 0.138374 0.155196 0.174264 0.195892 0.220317 0.247674 0.277987 0.311184 
0.110078 0.123581 0.138568 0.155429 0.174532 0.196189 0.220635 0.248005 0.278325 0.311526 
0.11019 0.123734 0.138761 0.155662 0.1748 0.196486 0.220953 0.248335 0.278662 0.311868 
0.110301 0.123887 0.138955 0.155895 0.175067 0.196782 0.22127 0.248665 0.278999 0.31221 
0.110413 0.124039 0.139148 0.156127 0.175334 0.197077 0.221586 0.248995 0.279336 0.312553 
0.110525 0.124192 0.139341 0.156358 0.1756 0.197371 0.221901 0.249324 0.279674 0.312896 
0.110637 0.124345 0.139534 0.15659 0.175866 0.197665 0.222216 0.249653 0.280011 0.31324 
0.110749 0.124497 0.139727 0.156821 0.176131 0.197959 0.22253 0.249981 0.280348 0.313584 
0.110861 0.12465 0.13992 0.157051 0.176395 0.198251 0.222844 0.250309 0.280685 0.313929 
0.110973 0.124803 0.140112 0.157281 0.176659 0.198543 0.223157 0.250636 0.281022 0.314274 
0.111086 0.124955 0.140305 0.157511 0.176923 0.198834 0.223469 0.250963 0.281358 0.314619 
0.111198 0.125108 0.140497 0.157741 0.177186 0.199125 0.223781 0.25129 0.281695 0.314965 
0.111311 0.12526 0.140689 0.15797 0.177448 0.199415 0.224093 0.251616 0.282032 0.315312 
0.111424 0.125413 0.140881 0.158199 0.17771 0.199705 0.224403 0.251942 0.282369 0.315659 
0.111537 0.125565 0.141072 0.158427 0.177972 0.199994 0.224714 0.252268 0.282706 0.316006 
0.111649 0.125718 0.141263 0.158656 0.178233 0.200282 0.225024 0.252593 0.283043 0.316354 
0.111763 0.12587 0.141455 0.158883 0.178493 0.20057 0.225333 0.252918 0.28338 0.316702 
0.111876 0.126023 0.141646 0.159111 0.178753 0.200858 0.225642 0.253243 0.283718 0.317051 
0.111989 0.126175 0.141837 0.159338 0.179013 0.201144 0.22595 0.253568 0.284055 0.3174 
0.112103 0.126327 0.142027 0.159565 0.179272 0.201431 0.226258 0.253892 0.284392 0.31775 
0.112216 0.12648 0.142218 0.159791 0.17953 0.201717 0.226566 0.254216 0.28473 0.3181 
0.11233 0.126632 0.142408 0.160017 0.179789 0.202002 0.226873 0.25454 0.285067 0.31845 
0.112444 0.126784 0.142598 0.160243 0.180046 0.202287 0.227179 0.254864 0.285405 0.318801 
0.112558 0.126936 0.142788 0.160468 0.180304 0.202572 0.227486 0.255187 0.285742 0.319153 
0.112672 0.127088 0.142978 0.160694 0.180561 0.202856 0.227792 0.25551 0.28608 0.319504 
0.112786 0.127241 0.143167 0.160918 0.180817 0.203139 0.228097 0.255834 0.286418 0.319857 
0.1129 0.127393 0.143357 0.161143 0.181073 0.203422 0.228402 0.256156 0.286756 0.32021 
0.113014 0.127545 0.143546 0.161367 0.181329 0.203705 0.228707 0.256479 0.287094 0.320563 
0.113129 0.127697 0.143735 0.161591 0.181584 0.203987 0.229012 0.256802 0.287432 0.320917 
0.113244 0.127849 0.143924 0.161815 0.181839 0.204269 0.229316 0.257125 0.287771 0.321271 
0.113358 0.128001 0.144112 0.162038 0.182094 0.204551 0.22962 0.257447 0.288109 0.321625 
0.113473 0.128153 0.144301 0.162261 0.182348 0.204832 0.229924 0.257769 0.288448 0.321981 
0.113588 0.128305 0.144489 0.162484 0.182602 0.205113 0.230227 0.258091 0.288787 0.322336 
0.113703 0.128457 0.144677 0.162706 0.182855 0.205393 0.23053 0.258414 0.289126 0.322692 
0.113819 0.128608 0.144865 0.162928 0.183108 0.205673 0.230833 0.258736 0.289465 0.323049 
0.113934 0.12876 0.145053 0.16315 0.183361 0.205953 0.231135 0.259057 0.289804 0.323406 
0.114049 0.128912 0.145241 0.163372 0.183614 0.206232 0.231438 0.259379 0.290144 0.323763 
0.114165 0.129064 0.145428 0.163593 0.183866 0.206511 0.23174 0.259701 0.290483 0.324121 
0.114281 0.129216 0.145616 0.163814 0.184118 0.20679 0.232042 0.260023 0.290823 0.32448 
0.114397 0.129367 0.145803 0.164035 0.184369 0.207068 0.232343 0.260344 0.291163 0.324838 
0.114513 0.129519 0.14599 0.164255 0.18462 0.207346 0.232645 0.260666 0.291504 0.325198 
0.114629 0.129671 0.146177 0.164476 0.184871 0.207624 0.232946 0.260988 0.291844 0.325558 
0.114745 0.129822 0.146363 0.164696 0.185122 0.207902 0.233247 0.261309 0.292185 0.325918 
0.114861 0.129974 0.14655 0.164916 0.185372 0.208179 0.233548 0.261631 0.292526 0.326279 
0.114978 0.130126 0.146737 0.165135 0.185622 0.208456 0.233848 0.261952 0.292867 0.32664 
0.115094 0.130277 0.146923 0.165355 0.185872 0.208733 0.234149 0.262274 0.293208 0.327002 
0.115211 0.130429 0.147109 0.165574 0.186121 0.209009 0.234449 0.262595 0.29355 0.327364 
0.115328 0.130581 0.147295 0.165793 0.18637 0.209286 0.234749 0.262917 0.293892 0.327727 
0.115444 0.130732 0.147481 0.166011 0.186619 0.209562 0.235049 0.263239 0.294234 0.32809 
0.115562 0.130884 0.147667 0.16623 0.186868 0.209837 0.235349 0.26356 0.294576 0.328453 
0.115679 0.131035 0.147853 0.166448 0.187116 0.210113 0.235649 0.263882 0.294918 0.328818 
0.115796 0.131187 0.148038 0.166666 0.187364 0.210388 0.235948 0.264203 0.295261 0.329182 
0.115913 0.131339 0.148224 0.166884 0.187612 0.210663 0.236248 0.264525 0.295604 0.329547 
0.116031 0.13149 0.148409 0.167102 0.18786 0.210938 0.236547 0.264847 0.295947 0.329913 
0.116149 0.131642 0.148594 0.16732 0.188107 0.211213 0.236846 0.265169 0.296291 0.330279 
0.116266 0.131793 0.148779 0.167537 0.188355 0.211488 0.237145 0.26549 0.296635 0.330645 
0.116384 0.131945 0.148964 0.167754 0.188602 0.211762 0.237445 0.265812 0.296979 0.331012 
0.116502 0.132096 0.149149 0.167971 0.188849 0.212036 0.237744 0.266134 0.297323 0.33138 
0.11662 0.132248 0.149334 0.168188 0.189095 0.21231 0.238042 0.266456 0.297667 0.331748 
0.116739 0.1324 0.149519 0.168404 0.189342 0.212584 0.238341 0.266778 0.298012 0.332117 
0.116857 0.132551 0.149704 0.168621 0.189588 0.212858 0.23864 0.2671 0.298357 0.332486 
0.116976 0.132703 0.149888 0.168837 0.189834 0.213131 0.238939 0.267423 0.298703 0.332855 
0.117094 0.132854 0.150073 0.169053 0.19008 0.213404 0.239237 0.267745 0.299048 0.333225 
0.117213 0.133006 0.150257 0.169269 0.190326 0.213678 0.239536 0.268067 0.299394 0.333595 
0.117332 0.133158 0.150441 0.169485 0.190572 0.213951 0.239834 0.26839 0.29974 0.333966 
0.117451 0.133309 0.150626 0.169701 0.190817 0.214224 0.240133 0.268713 0.300087 0.334338 
0.11757 0.133461 0.15081 0.169917 0.191062 0.214497 0.240431 0.269035 0.300434 0.33471 
0.117689 0.133613 0.150994 0.170132 0.191307 0.214769 0.24073 0.269358 0.300781 0.335082 
0.117809 0.133764 0.151178 0.170348 0.191553 0.215042 0.241028 0.269681 0.301128 0.335455 
0.117928 0.133916 0.151362 0.170563 0.191797 0.215315 0.241327 0.270004 0.301476 0.335829 
0.118048 0.134068 0.151546 0.170778 0.192042 0.215587 0.241625 0.270328 0.301824 0.336203 
0.118168 0.13422 0.15173 0.170993 0.192287 0.215859 0.241923 0.270651 0.302172 0.336577 
0.118287 0.134372 0.151914 0.171208 0.192531 0.216132 0.242222 0.270974 0.302521 0.336952 
0.118407 0.134523 0.152097 0.171423 0.192776 0.216404 0.24252 0.271298 0.30287 0.337328 
0.118528 0.134675 0.152281 0.171637 0.19302 0.216676 0.242819 0.271622 0.303219 0.337704 
0.118648 0.134827 0.152465 0.171852 0.193264 0.216948 0.243117 0.271946 0.303568 0.33808 
0.118768 0.134979 0.152648 0.172067 0.193508 0.21722 0.243416 0.27227 0.303918 0.338457 
0.118889 0.135131 0.152832 0.172281 0.193752 0.217492 0.243714 0.272594 0.304268 0.338834 
0.119009 0.135283 0.153015 0.172495 0.193996 0.217764 0.244013 0.272919 0.304619 0.339212 
0.11913 0.135435 0.153199 0.17271 0.19424 0.218036 0.244311 0.273243 0.30497 0.339591 
0.119251 0.135587 0.153382 0.172924 0.194483 0.218307 0.24461 0.273568 0.305321 0.33997 
0.119372 0.135739 0.153566 0.173138 0.194727 0.218579 0.244908 0.273893 0.305672 0.340349 
0.119493 0.135892 0.153749 0.173352 0.19497 0.218851 0.245207 0.274218 0.306024 0.340729 
0.119614 0.136044 0.153932 0.173566 0.195214 0.219122 0.245506 0.274543 0.306376 0.34111 
0.119736 0.136196 0.154116 0.17378 0.195457 0.219394 0.245805 0.274869 0.306729 0.341491 
0.119857 0.136348 0.154299 0.173994 0.195701 0.219666 0.246103 0.275194 0.307082 0.341873 
0.119979 0.136501 0.154483 0.174207 0.195944 0.219937 0.246402 0.27552 0.307435 0.342255 
0.120101 0.136653 0.154666 0.174421 0.196187 0.220209 0.246701 0.275846 0.307789 0.342637 
0.120223 0.136806 0.154849 0.174635 0.19643 0.22048 0.247 0.276172 0.308142 0.34302 
0.120345 0.136958 0.155032 0.174849 0.196674 0.220752 0.2473 0.276499 0.308497 0.343404 
0.120467 0.137111 0.155216 0.175062 0.196917 0.221024 0.247599 0.276826 0.308851 0.343788 
0.120589 0.137263 0.155399 0.175276 0.19716 0.221295 0.247898 0.277152 0.309206 0.344173 
0.120711 0.137416 0.155582 0.175489 0.197403 0.221567 0.248198 0.277479 0.309562 0.344558 
0.120834 0.137569 0.155766 0.175703 0.197646 0.221838 0.248497 0.277807 0.309917 0.344944 
0.120957 0.137722 0.155949 0.175916 0.197889 0.22211 0.248797 0.278134 0.310273 0.34533 
0.121079 0.137875 0.156132 0.17613 0.198132 0.222382 0.249097 0.278462 0.31063 0.345717 
0.121202 0.138027 0.156316 0.176343 0.198375 0.222653 0.249396 0.27879 0.310987 0.346104 
0.121325 0.13818 0.156499 0.176557 0.198618 0.222925 0.249696 0.279118 0.311344 0.346492 
0.121449 0.138333 0.156682 0.17677 0.198861 0.223197 0.249996 0.279447 0.311701 0.34688 
0.121572 0.138487 0.156866 0.176984 0.199104 0.223469 0.250297 0.279775 0.312059 0.347269 
0.121695 0.13864 0.157049 0.177197 0.199346 0.223741 0.250597 0.280104 0.312418 0.347659 
0.121819 0.138793 0.157232 0.17741 0.199589 0.224012 0.250897 0.280433 0.312776 0.348049 
0.121943 0.138946 0.157416 0.177624 0.199832 0.224284 0.251198 0.280763 0.313135 0.348439 
0.122066 0.1391 0.157599 0.177837 0.200075 0.224556 0.251499 0.281092 0.313495 0.34883 
0.12219 0.139253 0.157783 0.178051 0.200318 0.224828 0.2518 0.281422 0.313855 0.349222 
0.122314 0.139407 0.157966 0.178264 0.200561 0.225101 0.252101 0.281752 0.314215 0.349614 
0.122439 0.13956 0.15815 0.178478 0.200804 0.225373 0.252402 0.282083 0.314576 0.350006 
0.122563 0.139714 0.158333 0.178691 0.201047 0.225645 0.252703 0.282413 0.314937 0.3504 
0.122687 0.139868 0.158517 0.178905 0.201291 0.225917 0.253005 0.282744 0.315298 0.350793 
0.122812 0.140022 0.158701 0.179118 0.201534 0.22619 0.253306 0.283076 0.31566 0.351187 
0.122937 0.140176 0.158884 0.179332 0.201777 0.226462 0.253608 0.283407 0.316022 0.351582 
0.123062 0.14033 0.159068 0.179545 0.20202 0.226735 0.25391 0.283739 0.316385 0.351978 
0.123187 0.140484 0.159252 0.179759 0.202263 0.227008 0.254212 0.284071 0.316748 0.352373 
0.123312 0.140638 0.159436 0.179973 0.202507 0.22728 0.254514 0.284403 0.317111 0.35277 
0.123437 0.140792 0.15962 0.180186 0.20275 0.227553 0.254817 0.284736 0.317475 0.353167 
0.123562 0.140947 0.159804 0.1804 0.202993 0.227826 0.25512 0.285068 0.317839 0.353564 
0.123688 0.141101 0.159988 0.180614 0.203237 0.228099 0.255422 0.285402 0.318204 0.353962 
0.123814 0.141256 0.160172 0.180828 0.20348 0.228373 0.255725 0.285735 0.318569 0.354361 
0.123939 0.14141 0.160356 0.181041 0.203724 0.228646 0.256029 0.286069 0.318934 0.35476 
0.124065 0.141565 0.16054 0.181255 0.203968 0.228919 0.256332 0.286403 0.3193 0.35516 
0.124191 0.14172 0.160724 0.181469 0.204212 0.229193 0.256636 0.286737 0.319666 0.35556 
0.124317 0.141875 0.160909 0.181683 0.204455 0.229467 0.256939 0.287072 0.320033 0.355961 
0.124444 0.14203 0.161093 0.181897 0.204699 0.22974 0.257243 0.287407 0.3204 0.356362 
0.12457 0.142185 0.161278 0.182112 0.204943 0.230014 0.257548 0.287742 0.320768 0.356764 
0.124697 0.14234 0.161462 0.182326 0.205187 0.230288 0.257852 0.288077 0.321136 0.357166 
0.124823 0.142495 0.161647 0.18254 0.205431 0.230563 0.258157 0.288413 0.321504 0.357569 
0.12495 0.142651 0.161831 0.182755 0.205676 0.230837 0.258461 0.288749 0.321873 0.357973 
0.125077 0.142806 0.162016 0.182969 0.20592 0.231111 0.258766 0.289086 0.322243 0.358377 
0.125204 0.142962 0.162201 0.183183 0.206164 0.231386 0.259072 0.289423 0.322612 0.358782 
0.125332 0.143118 0.162386 0.183398 0.206409 0.231661 0.259377 0.28976 0.322982 0.359187 
0.125459 0.143273 0.162571 0.183613 0.206654 0.231936 0.259683 0.290097 0.323353 0.359593 
0.125586 0.143429 0.162756 0.183828 0.206898 0.232211 0.259989 0.290435 0.323724 0.359999 
0.125714 0.143585 0.162941 0.184042 0.207143 0.232486 0.260295 0.290773 0.324096 0.360406 
0.125842 0.143742 0.163126 0.184257 0.207388 0.232761 0.260601 0.291111 0.324467 0.360814 
0.12597 0.143898 0.163312 0.184472 0.207633 0.233037 0.260908 0.29145 0.32484 0.361222 
0.126098 0.144054 0.163497 0.184687 0.207878 0.233312 0.261215 0.291789 0.325213 0.36163 
0.126226 0.144211 0.163683 0.184903 0.208124 0.233588 0.261522 0.292129 0.325586 0.36204 
0.126354 0.144367 0.163869 0.185118 0.208369 0.233864 0.261829 0.292468 0.32596 0.362449 
0.126483 0.144524 0.164054 0.185333 0.208615 0.234141 0.262137 0.292808 0.326334 0.36286 
0.126611 0.144681 0.16424 0.185549 0.20886 0.234417 0.262445 0.293149 0.326708 0.363271 
0.12674 0.144837 0.164426 0.185765 0.209106 0.234694 0.262753 0.29349 0.327084 0.363682 
0.126869 0.144995 0.164612 0.18598 0.209352 0.23497 0.263061 0.293831 0.327459 0.364094 
0.126998 0.145152 0.164798 0.186196 0.209598 0.235247 0.26337 0.294172 0.327835 0.364507 
0.127127 0.145309 0.164985 0.186412 0.209845 0.235524 0.263679 0.294514 0.328212 0.36492 
0.127256 0.145466 0.165171 0.186628 0.210091 0.235802 0.263988 0.294856 0.328589 0.365334 
0.127386 0.145624 0.165357 0.186844 0.210337 0.236079 0.264297 0.295199 0.328966 0.365748 
0.127515 0.145781 0.165544 0.187061 0.210584 0.236357 0.264607 0.295542 0.329344 0.366163 
0.127645 0.145939 0.165731 0.187277 0.210831 0.236635 0.264917 0.295885 0.329722 0.366579 
0.127775 0.146097 0.165918 0.187494 0.211078 0.236913 0.265227 0.296229 0.330101 0.366995 
0.127904 0.146255 0.166105 0.18771 0.211325 0.237191 0.265537 0.296573 0.33048 0.367412 
0.128035 0.146413 0.166292 0.187927 0.211572 0.23747 0.265848 0.296917 0.33086 0.367829 
0.128165 0.146571 0.166479 0.188144 0.21182 0.237748 0.266159 0.297262 0.33124 0.368247 
0.128295 0.14673 0.166666 0.188361 0.212067 0.238027 0.266471 0.297607 0.331621 0.368665 
0.128426 0.146888 0.166853 0.188578 0.212315 0.238306 0.266782 0.297952 0.332002 0.369084 
0.128556 0.147047 0.167041 0.188796 0.212563 0.238586 0.267094 0.298298 0.332384 0.369504 
0.128687 0.147205 0.167229 0.189013 0.212811 0.238865 0.267406 0.298644 0.332766 0.369924 
0.128818 0.147364 0.167417 0.189231 0.213059 0.239145 0.267719 0.298991 0.333148 0.370345 
0.128949 0.147523 0.167604 0.189449 0.213308 0.239425 0.268031 0.299338 0.333532 0.370766 
0.12908 0.147682 0.167792 0.189666 0.213556 0.239705 0.268345 0.299685 0.333915 0.371189 
0.129211 0.147842 0.167981 0.189884 0.213805 0.239986 0.268658 0.300033 0.334299 0.371611 
0.129343 0.148001 0.168169 0.190103 0.214054 0.240267 0.268972 0.300381 0.334684 0.372034 
0.129474 0.14816 0.168357 0.190321 0.214303 0.240547 0.269286 0.30073 0.335069 0.372458 
0.129606 0.14832 0.168546 0.190539 0.214552 0.240829 0.2696 0.301079 0.335454 0.372883 
0.129738 0.14848 0.168735 0.190758 0.214802 0.24111 0.269914 0.301428 0.335841 0.373308 
0.12987 0.14864 0.168924 0.190977 0.215052 0.241392 0.270229 0.301778 0.336227 0.373733 
0.130002 0.1488 0.169113 0.191196 0.215301 0.241674 0.270544 0.302128 0.336614 0.37416 
0.130134 0.14896 0.169302 0.191415 0.215551 0.241956 0.27086 0.302479 0.337002 0.374586 
0.130267 0.14912 0.169491 0.191634 0.215802 0.242238 0.271176 0.30283 0.33739 0.375014 
0.130399 0.149281 0.169681 0.191854 0.216052 0.242521 0.271492 0.303181 0.337778 0.375442 
0.130532 0.149441 0.16987 0.192073 0.216303 0.242804 0.271808 0.303533 0.338167 0.375871 
0.130665 0.149602 0.17006 0.192293 0.216554 0.243087 0.272125 0.303885 0.338557 0.3763 
0.130798 0.149763 0.17025 0.192513 0.216805 0.24337 0.272442 0.304237 0.338947 0.37673 
0.130931 0.149924 0.17044 0.192733 0.217056 0.243654 0.27276 0.30459 0.339338 0.37716 
0.131064 0.150085 0.17063 0.192953 0.217308 0.243938 0.273078 0.304944 0.339729 0.377591 
0.131197 0.150246 0.17082 0.193174 0.217559 0.244222 0.273396 0.305298 0.34012 0.378023 
0.131331 0.150408 0.171011 0.193394 0.217811 0.244506 0.273714 0.305652 0.340513 0.378455 
0.131465 0.150569 0.171201 0.193615 0.218063 0.244791 0.274033 0.306007 0.340905 0.378888 
0.131598 0.150731 0.171392 0.193836 0.218316 0.245076 0.274352 0.306362 0.341298 0.379322 
0.131732 0.150893 0.171583 0.194057 0.218568 0.245361 0.274672 0.306717 0.341692 0.379756 
0.131866 0.151055 0.171774 0.194279 0.218821 0.245647 0.274991 0.307073 0.342086 0.380191 
0.132001 0.151217 0.171966 0.1945 0.219074 0.245932 0.275312 0.30743 0.342481 0.380627 
0.132135 0.15138 0.172157 0.194722 0.219327 0.246219 0.275632 0.307786 0.342876 0.381063 
0.13227 0.151542 0.172349 0.194944 0.21958 0.246505 0.275953 0.308144 0.343272 0.381499 
0.132404 0.151705 0.17254 0.195166 0.219834 0.246791 0.276274 0.308501 0.343668 0.381937 
0.132539 0.151867 0.172732 0.195388 0.220088 0.247078 0.276596 0.30886 0.344065 0.382375 
0.132674 0.15203 0.172924 0.195611 0.220342 0.247366 0.276918 0.309218 0.344463 0.382813 
0.132809 0.152193 0.173117 0.195833 0.220596 0.247653 0.27724 0.309577 0.344861 0.383252 
0.132944 0.152357 0.173309 0.196056 0.220851 0.247941 0.277563 0.309937 0.345259 0.383692 
0.13308 0.15252 0.173502 0.196279 0.221106 0.248229 0.277886 0.310296 0.345658 0.384133 
0.133215 0.152684 0.173694 0.196502 0.221361 0.248517 0.278209 0.310657 0.346058 0.384574 
0.133351 0.152847 0.173887 0.196726 0.221616 0.248806 0.278533 0.311017 0.346458 0.385016 
0.133487 0.153011 0.17408 0.19695 0.221872 0.249095 0.278857 0.311379 0.346858 0.385458 
0.133623 0.153175 0.174274 0.197173 0.222127 0.249384 0.279181 0.31174 0.347259 0.385901 
0.133759 0.153339 0.174467 0.197397 0.222383 0.249674 0.279506 0.312103 0.347661 0.386345 
0.133895 0.153504 0.174661 0.197622 0.22264 0.249963 0.279831 0.312465 0.348063 0.386789 
0.134031 0.153668 0.174855 0.197846 0.222896 0.250254 0.280157 0.312828 0.348466 0.387234 
0.134168 0.153833 0.175049 0.198071 0.223153 0.250544 0.280483 0.313192 0.34887 0.38768 
0.134304 0.153997 0.175243 0.198296 0.22341 0.250835 0.280809 0.313556 0.349273 0.388126 
0.134441 0.154162 0.175437 0.198521 0.223667 0.251126 0.281136 0.31392 0.349678 0.388573 
0.134578 0.154327 0.175632 0.198746 0.223925 0.251417 0.281463 0.314285 0.350083 0.389021 
0.134715 0.154493 0.175826 0.198972 0.224183 0.251709 0.28179 0.31465 0.350488 0.389469 
0.134852 0.154658 0.176021 0.199197 0.224441 0.252001 0.282118 0.315016 0.350895 0.389918 
0.13499 0.154824 0.176216 0.199423 0.224699 0.252293 0.282446 0.315382 0.351301 0.390367 
0.135127 0.154989 0.176412 0.199649 0.224957 0.252586 0.282775 0.315749 0.351708 0.390817 
0.135265 0.155155 0.176607 0.199876 0.225216 0.252879 0.283104 0.316116 0.352116 0.391268 
0.135403 0.155321 0.176803 0.200102 0.225475 0.253172 0.283433 0.316484 0.352525 0.39172 
0.135541 0.155488 0.176999 0.200329 0.225735 0.253466 0.283763 0.316852 0.352934 0.392172 
0.135679 0.155654 0.177195 0.200556 0.225994 0.25376 0.284093 0.317221 0.353343 0.392625 
0.135817 0.155821 0.177391 0.200784 0.226254 0.254054 0.284424 0.31759 0.353753 0.393078 
0.135956 0.155987 0.177587 0.201011 0.226514 0.254348 0.284755 0.31796 0.354164 0.393532 
0.136094 0.156154 0.177784 0.201239 0.226775 0.254643 0.285086 0.31833 0.354575 0.393987 
0.136233 0.156321 0.177981 0.201467 0.227036 0.254939 0.285418 0.3187 0.354987 0.394443 
0.136372 0.156489 0.178178 0.201695 0.227297 0.255234 0.28575 0.319072 0.355399 0.394899 
0.136511 0.156656 0.178375 0.201923 0.227558 0.25553 0.286083 0.319443 0.355812 0.395356 
0.13665 0.156824 0.178572 0.202152 0.227819 0.255826 0.286416 0.319815 0.356226 0.395813 
0.136789 0.156991 0.17877 0.202381 0.228081 0.256123 0.286749 0.320188 0.35664 0.396271 
0.136928 0.157159 0.178968 0.20261 0.228343 0.25642 0.287083 0.320561 0.357055 0.39673 
0.137068 0.157327 0.179166 0.202839 0.228606 0.256717 0.287418 0.320934 0.35747 0.39719 
0.137208 0.157496 0.179364 0.203069 0.228868 0.257015 0.287752 0.321308 0.357886 0.39765 
0.137348 0.157664 0.179562 0.203299 0.229131 0.257313 0.288087 0.321683 0.358302 0.398111 
0.137488 0.157833 0.179761 0.203529 0.229395 0.257611 0.288423 0.322058 0.358719 0.398572 
0.137628 0.158002 0.179959 0.203759 0.229658 0.25791 0.288759 0.322433 0.359137 0.399034 
0.137768 0.158171 0.180158 0.20399 0.229922 0.258209 0.289095 0.322809 0.359555 0.399497 
0.137908 0.15834 0.180358 0.204221 0.230186 0.258508 0.289432 0.323186 0.359974 0.399961 
0.138049 0.158509 0.180557 0.204452 0.230451 0.258808 0.289769 0.323563 0.360393 0.400425 
0.13819 0.158679 0.180757 0.204683 0.230715 0.259108 0.290107 0.323941 0.360813 0.40089 
0.138331 0.158848 0.180957 0.204914 0.23098 0.259409 0.290445 0.324319 0.361234 0.401356 
0.138472 0.159018 0.181157 0.205146 0.231246 0.259709 0.290783 0.324697 0.361655 0.401822 
0.138613 0.159188 0.181357 0.205378 0.231511 0.260011 0.291122 0.325076 0.362077 0.402289 
0.138754 0.159358 0.181557 0.205611 0.231777 0.260312 0.291462 0.325456 0.362499 0.402757 
0.138896 0.159529 0.181758 0.205843 0.232043 0.260614 0.291802 0.325836 0.362922 0.403225 
0.139037 0.159699 0.181959 0.206076 0.23231 0.260916 0.292142 0.326217 0.363346 0.403694 
0.139179 0.15987 0.18216 0.206309 0.232577 0.261219 0.292482 0.326598 0.36377 0.404164 
0.139321 0.160041 0.182361 0.206542 0.232844 0.261522 0.292824 0.32698 0.364195 0.404635 
0.139463 0.160212 0.182563 0.206776 0.233111 0.261825 0.293165 0.327362 0.36462 0.405106 
0.139606 0.160383 0.182765 0.20701 0.233379 0.262129 0.293507 0.327745 0.365047 0.405578 
0.139748 0.160555 0.182967 0.207244 0.233647 0.262433 0.29385 0.328128 0.365473 0.406051 
0.139891 0.160726 0.183169 0.207478 0.233916 0.262738 0.294193 0.328512 0.365901 0.406524 
0.140033 0.160898 0.183371 0.207713 0.234184 0.263043 0.294536 0.328896 0.366328 0.406998 
0.140176 0.16107 0.183574 0.207948 0.234453 0.263348 0.29488 0.329281 0.366757 0.407473 
0.140319 0.161242 0.183777 0.208183 0.234723 0.263654 0.295224 0.329666 0.367186 0.407948 
0.140462 0.161415 0.18398 0.208418 0.234992 0.26396 0.295569 0.330052 0.367616 0.408425 
0.140606 0.161587 0.184183 0.208654 0.235262 0.264266 0.295914 0.330439 0.368046 0.408901 
0.140749 0.16176 0.184386 0.20889 0.235533 0.264573 0.29626 0.330826 0.368477 0.409379 
0.140893 0.161933 0.18459 0.209126 0.235803 0.26488 0.296606 0.331213 0.368909 0.409857 
0.141036 0.162106 0.184794 0.209363 0.236074 0.265187 0.296952 0.331602 0.369341 0.410337 
0.14118 0.16228 0.184998 0.209599 0.236346 0.265495 0.297299 0.33199 0.369774 0.410816 
0.141324 0.162453 0.185203 0.209837 0.236617 0.265804 0.297647 0.332379 0.370208 0.411297 
0.141469 0.162627 0.185407 0.210074 0.236889 0.266113 0.297995 0.332769 0.370642 0.411778 
0.141613 0.162801 0.185612 0.210311 0.237161 0.266422 0.298343 0.333159 0.371077 0.41226 
0.141758 0.162975 0.185817 0.210549 0.237434 0.266731 0.298692 0.33355 0.371512 0.412743 
0.141902 0.163149 0.186023 0.210787 0.237707 0.267041 0.299041 0.333942 0.371949 0.413226 
0.142047 0.163323 0.186228 0.211026 0.23798 0.267351 0.299391 0.334334 0.372385 0.41371 
0.142192 0.163498 0.186434 0.211265 0.238254 0.267662 0.299742 0.334726 0.372823 0.414195 
0.142337 0.163673 0.18664 0.211504 0.238528 0.267973 0.300092 0.335119 0.373261 0.414681 
0.142482 0.163848 0.186846 0.211743 0.238802 0.268285 0.300444 0.335513 0.373699 0.415167 
0.142628 0.164023 0.187053 0.211982 0.239077 0.268597 0.300795 0.335907 0.374139 0.415654 
0.142774 0.164199 0.18726 0.212222 0.239352 0.268909 0.301148 0.336302 0.374579 0.416142 
0.142919 0.164374 0.187467 0.212462 0.239627 0.269222 0.3015 0.336697 0.375019 0.416631 
0.143065 0.16455 0.187674 0.212703 0.239903 0.269535 0.301853 0.337093 0.375461 0.41712 
0.143211 0.164726 0.187881 0.212944 0.240179 0.269849 0.302207 0.337489 0.375903 0.41761 
0.143358 0.164902 0.188089 0.213185 0.240455 0.270163 0.302561 0.337886 0.376345 0.418101 
0.143504 0.165079 0.188297 0.213426 0.240732 0.270477 0.302916 0.338284 0.376789 0.418592 
0.14365 0.165255 0.188505 0.213667 0.241009 0.270792 0.303271 0.338682 0.377233 0.419085 
0.143797 0.165432 0.188714 0.213909 0.241286 0.271107 0.303627 0.339081 0.377677 0.419578 
0.143944 0.165609 0.188922 0.214151 0.241564 0.271423 0.303983 0.33948 0.378122 0.420072 
0.144091 0.165786 0.189131 0.214394 0.241842 0.271739 0.30434 0.33988 0.378568 0.420566 
0.144238 0.165963 0.18934 0.214637 0.24212 0.272055 0.304697 0.340281 0.379015 0.421062 
0.144385 0.166141 0.18955 0.21488 0.242399 0.272372 0.305054 0.340682 0.379462 0.421558 
0.144533 0.166319 0.189759 0.215123 0.242678 0.27269 0.305412 0.341083 0.37991 0.422054 
0.144681 0.166497 0.189969 0.215367 0.242958 0.273007 0.305771 0.341486 0.380359 0.422552 
0.144828 0.166675 0.190179 0.215611 0.243238 0.273326 0.30613 0.341889 0.380808 0.42305 
0.144976 0.166853 0.19039 0.215855 0.243518 0.273644 0.30649 0.342292 0.381258 0.42355 
0.145124 0.167032 0.1906 0.216099 0.243799 0.273963 0.30685 0.342696 0.381709 0.42405 
0.145273 0.167211 0.190811 0.216344 0.244079 0.274283 0.307211 0.343101 0.38216 0.42455 
0.145421 0.16739 0.191022 0.216589 0.244361 0.274603 0.307572 0.343506 0.382612 0.425052 
0.14557 0.167569 0.191234 0.216835 0.244643 0.274923 0.307933 0.343912 0.383065 0.425554 
0.145718 0.167748 0.191445 0.217081 0.244925 0.275244 0.308296 0.344318 0.383518 0.426057 
0.145867 0.167928 0.191657 0.217327 0.245207 0.275565 0.308658 0.344725 0.383972 0.426561 
0.146016 0.168108 0.191869 0.217573 0.24549 0.275887 0.309022 0.345132 0.384427 0.427065 
0.146166 0.168288 0.192082 0.21782 0.245773 0.276209 0.309385 0.345541 0.384882 0.427571 
0.146315 0.168468 0.192295 0.218067 0.246057 0.276532 0.30975 0.345949 0.385339 0.428077 
0.146464 0.168648 0.192507 0.218314 0.24634 0.276855 0.310114 0.346359 0.385795 0.428584 
0.146614 0.168829 0.192721 0.218562 0.246625 0.277178 0.31048 0.346769 0.386253 0.429091 
0.146764 0.16901 0.192934 0.21881 0.246909 0.277502 0.310846 0.347179 0.386711 0.4296 
0.146914 0.169191 0.193148 0.219058 0.247195 0.277826 0.311212 0.347591 0.38717 0.430109 
0.147064 0.169372 0.193362 0.219306 0.24748 0.278151 0.311579 0.348003 0.38763 0.430619 
0.147214 0.169553 0.193576 0.219555 0.247766 0.278476 0.311946 0.348415 0.38809 0.43113 
0.147365 0.169735 0.19379 0.219805 0.248052 0.278802 0.312314 0.348828 0.388551 0.431642 
0.147516 0.169917 0.194005 0.220054 0.248339 0.279128 0.312683 0.349242 0.389013 0.432154 
0.147666 0.170099 0.19422 0.220304 0.248625 0.279455 0.313052 0.349656 0.389475 0.432667 
0.147817 0.170281 0.194435 0.220554 0.248913 0.279782 0.313421 0.350071 0.389939 0.433182 
0.147968 0.170464 0.194651 0.220805 0.249201 0.280109 0.313791 0.350487 0.390403 0.433696 
0.14812 0.170647 0.194867 0.221055 0.249489 0.280437 0.314162 0.350903 0.390867 0.434212 
0.148271 0.17083 0.195083 0.221307 0.249777 0.280766 0.314533 0.35132 0.391332 0.434729 
0.148423 0.171013 0.195299 0.221558 0.250066 0.281095 0.314905 0.351737 0.391799 0.435246 
0.148575 0.171196 0.195515 0.22181 0.250355 0.281424 0.315277 0.352155 0.392265 0.435764 
0.148727 0.17138 0.195732 0.222062 0.250645 0.281754 0.31565 0.352574 0.392733 0.436283 
0.148879 0.171563 0.195949 0.222314 0.250935 0.282084 0.316023 0.352993 0.393201 0.436803 
0.149031 0.171747 0.196167 0.222567 0.251226 0.282415 0.316397 0.353413 0.39367 0.437323 
0.149183 0.171932 0.196384 0.22282 0.251516 0.282746 0.316772 0.353834 0.39414 0.437845 
0.149336 0.172116 0.196602 0.223074 0.251808 0.283078 0.317147 0.354255 0.39461 0.438367 
0.149489 0.172301 0.19682 0.223327 0.252099 0.28341 0.317522 0.354677 0.395081 0.43889 
0.149642 0.172485 0.197039 0.223581 0.252391 0.283743 0.317898 0.355099 0.395553 0.439414 
0.149795 0.172671 0.197258 0.223836 0.252684 0.284076 0.318275 0.355523 0.396026 0.439938 
0.149948 0.172856 0.197477 0.224091 0.252977 0.28441 0.318652 0.355946 0.396499 0.440464 
0.150101 0.173041 0.197696 0.224346 0.25327 0.284744 0.31903 0.356371 0.396973 0.44099 
0.150255 0.173227 0.197916 0.224601 0.253564 0.285078 0.319408 0.356796 0.397448 0.441517 
0.150409 0.173413 0.198135 0.224857 0.253858 0.285413 0.319787 0.357222 0.397923 0.442045 
0.150562 0.173599 0.198355 0.225113 0.254152 0.285749 0.320167 0.357648 0.3984 0.442574 
0.150717 0.173785 0.198576 0.225369 0.254447 0.286085 0.320547 0.358075 0.398877 0.443104 
0.150871 0.173972 0.198797 0.225626 0.254742 0.286421 0.320927 0.358503 0.399355 0.443634 
0.151025 0.174159 0.199017 0.225883 0.255038 0.286758 0.321309 0.358931 0.399833 0.444166 
0.15118 0.174346 0.199239 0.226141 0.255334 0.287096 0.32169 0.35936 0.400313 0.444698 
0.151334 0.174533 0.19946 0.226399 0.255631 0.287434 0.322073 0.35979 0.400793 0.445231 
0.151489 0.174721 0.199682 0.226657 0.255928 0.287772 0.322456 0.360221 0.401273 0.445765 
0.151644 0.174908 0.199904 0.226915 0.256225 0.288111 0.322839 0.360652 0.401755 0.4463 
0.1518 0.175096 0.200126 0.227174 0.256523 0.288451 0.323223 0.361083 0.402237 0.446835 
0.151955 0.175284 0.200349 0.227433 0.256821 0.288791 0.323608 0.361516 0.402721 0.447372 
0.15211 0.175473 0.200572 0.227693 0.25712 0.289131 0.323993 0.361949 0.403204 0.447909 
0.152266 0.175661 0.200795 0.227953 0.257419 0.289472 0.324379 0.362383 0.403689 0.448447 
0.152422 0.17585 0.201019 0.228213 0.257718 0.289814 0.324765 0.362817 0.404175 0.448986 
0.152578 0.176039 0.201242 0.228474 0.258018 0.290156 0.325152 0.363252 0.404661 0.449526 
0.152734 0.176229 0.201466 0.228735 0.258319 0.290498 0.32554 0.363688 0.405148 0.450067 
0.152891 0.176418 0.201691 0.228996 0.258619 0.290841 0.325928 0.364124 0.405635 0.450609 
0.153047 0.176608 0.201915 0.229258 0.258921 0.291185 0.326317 0.364562 0.406124 0.451151 
0.153204 0.176798 0.20214 0.22952 0.259222 0.291529 0.326706 0.364999 0.406613 0.451695 
0.153361 0.176988 0.202366 0.229782 0.259524 0.291873 0.327096 0.365438 0.407103 0.452239 
0.153518 0.177178 0.202591 0.230045 0.259827 0.292218 0.327487 0.365877 0.407594 0.452784 
0.153675 0.177369 0.202817 0.230308 0.26013 0.292564 0.327878 0.366317 0.408086 0.45333 
0.153833 0.17756 0.203043 0.230571 0.260433 0.29291 0.32827 0.366758 0.408578 0.453877 
0.15399 0.177751 0.203269 0.230835 0.260737 0.293256 0.328662 0.367199 0.409072 0.454425 
0.154148 0.177942 0.203496 0.231099 0.261041 0.293603 0.329055 0.367641 0.409566 0.454974 
0.154306 0.178134 0.203723 0.231364 0.261346 0.293951 0.329449 0.368084 0.41006 0.455523 
0.154464 0.178326 0.20395 0.231629 0.261651 0.294299 0.329843 0.368527 0.410556 0.456074 
0.154622 0.178518 0.204178 0.231894 0.261956 0.294648 0.330238 0.368971 0.411053 0.456625 
0.15478 0.17871 0.204406 0.23216 0.262262 0.294997 0.330633 0.369416 0.41155 0.457177 
0.154939 0.178902 0.204634 0.232426 0.262569 0.295346 0.331029 0.369861 0.412048 0.457731 
0.155098 0.179095 0.204862 0.232692 0.262876 0.295697 0.331426 0.370308 0.412547 0.458285 
0.155257 0.179288 0.205091 0.232959 0.263183 0.296047 0.331823 0.370755 0.413046 0.45884 
0.155416 0.179481 0.20532 0.233226 0.263491 0.296399 0.332221 0.371202 0.413547 0.459396 
0.155575 0.179675 0.20555 0.233494 0.263799 0.29675 0.332619 0.371651 0.414048 0.459952 
0.155734 0.179868 0.205779 0.233761 0.264107 0.297103 0.333018 0.3721 0.41455 0.46051 
0.155894 0.180062 0.206009 0.23403 0.264417 0.297456 0.333418 0.37255 0.415053 0.461069 
0.156054 0.180256 0.206239 0.234298 0.264726 0.297809 0.333819 0.373 0.415557 0.461628 
0.156214 0.180451 0.20647 0.234567 0.265036 0.298163 0.334219 0.373451 0.416061 0.462189 
0.156374 0.180645 0.206701 0.234837 0.265347 0.298517 0.334621 0.373903 0.416567 0.46275 
0.156534 0.18084 0.206932 0.235106 0.265658 0.298872 0.335023 0.374356 0.417073 0.463312 
0.156695 0.181035 0.207164 0.235377 0.265969 0.299228 0.335426 0.374809 0.41758 0.463876 
0.156855 0.181231 0.207395 0.235647 0.266281 0.299584 0.33583 0.375263 0.418088 0.46444 
0.157016 0.181426 0.207627 0.235918 0.266593 0.299941 0.336234 0.375718 0.418596 0.465005 
0.157177 0.181622 0.20786 0.236189 0.266906 0.300298 0.336639 0.376174 0.419106 0.465571 
0.157338 0.181818 0.208093 0.236461 0.267219 0.300656 0.337044 0.37663 0.419616 0.466138 
0.157499 0.182014 0.208326 0.236733 0.267533 0.301014 0.33745 0.377087 0.420127 0.466706 
0.157661 0.182211 0.208559 0.237005 0.267847 0.301373 0.337857 0.377545 0.420639 0.467275 
0.157823 0.182407 0.208793 0.237278 0.268162 0.301732 0.338264 0.378004 0.421152 0.467844 
0.157984 0.182604 0.209027 0.237551 0.268477 0.302092 0.338672 0.378463 0.421666 0.468415 
0.158146 0.182802 0.209261 0.237825 0.268792 0.302453 0.339081 0.378923 0.422181 0.468987 
0.158309 0.182999 0.209495 0.238099 0.269108 0.302814 0.33949 0.379384 0.422696 0.469559 
0.158471 0.183197 0.20973 0.238373 0.269425 0.303175 0.3399 0.379846 0.423212 0.470133 
0.158634 0.183395 0.209966 0.238648 0.269742 0.303538 0.340311 0.380308 0.423729 0.470707 
0.158796 0.183593 0.210201 0.238923 0.270059 0.3039 0.340722 0.380771 0.424247 0.471283 
0.158959 0.183791 0.210437 0.239199 0.270377 0.304264 0.341134 0.381235 0.424766 0.471859 
0.159122 0.18399 0.210673 0.239475 0.270695 0.304628 0.341547 0.3817 0.425286 0.472437 
0.159285 0.184189 0.21091 0.239751 0.271014 0.304992 0.34196 0.382165 0.425806 0.473015 
0.159449 0.184388 0.211146 0.240028 0.271334 0.305357 0.342374 0.382631 0.426328 0.473594 
0.159612 0.184588 0.211384 0.240305 0.271654 0.305723 0.342789 0.383098 0.42685 0.474175 
0.159776 0.184787 0.211621 0.240582 0.271974 0.306089 0.343204 0.383566 0.427373 0.474756 
0.15994 0.184987 0.211859 0.24086 0.272295 0.306456 0.34362 0.384034 0.427897 0.475338 
0.160104 0.185188 0.212097 0.241139 0.272616 0.306823 0.344036 0.384503 0.428422 0.475922 
0.160269 0.185388 0.212335 0.241417 0.272938 0.307191 0.344454 0.384973 0.428948 0.476506 
0.160433 0.185589 0.212574 0.241697 0.27326 0.307559 0.344872 0.385444 0.429475 0.477091 
0.160598 0.18579 0.212813 0.241976 0.273583 0.307928 0.34529 0.385916 0.430002 0.477677 
0.160763 0.185991 0.213053 0.242256 0.273906 0.308298 0.34571 0.386388 0.430531 0.478264 
0.160928 0.186192 0.213292 0.242536 0.27423 0.308668 0.34613 0.386861 0.43106 0.478852 
0.161093 0.186394 0.213532 0.242817 0.274554 0.309039 0.34655 0.387335 0.43159 0.479442 
0.161258 0.186596 0.213773 0.243098 0.274879 0.30941 0.346972 0.38781 0.432122 0.480032 
0.161424 0.186798 0.214013 0.24338 0.275204 0.309782 0.347394 0.388285 0.432654 0.480623 
0.161589 0.187 0.214254 0.243662 0.27553 0.310155 0.347816 0.388761 0.433186 0.481215 
0.161755 0.187203 0.214496 0.243944 0.275856 0.310528 0.34824 0.389238 0.43372 0.481808 
0.161921 0.187406 0.214737 0.244227 0.276183 0.310902 0.348664 0.389716 0.434255 0.482402 
0.162088 0.187609 0.21498 0.24451 0.27651 0.311276 0.349089 0.390195 0.434791 0.482998 
0.162254 0.187813 0.215222 0.244794 0.276838 0.311651 0.349514 0.390674 0.435327 0.483594 
0.162421 0.188017 0.215465 0.245078 0.277166 0.312027 0.349941 0.391155 0.435865 0.484191 
0.162587 0.18822 0.215708 0.245363 0.277495 0.312403 0.350367 0.391636 0.436403 0.484789 
0.162754 0.188425 0.215951 0.245647 0.277824 0.31278 0.350795 0.392118 0.436942 0.485388 
0.162922 0.188629 0.216195 0.245933 0.278154 0.313157 0.351223 0.3926 0.437482 0.485989 
0.163089 0.188834 0.216439 0.246219 0.278484 0.313535 0.351652 0.393084 0.438024 0.48659 
0.163256 0.189039 0.216683 0.246505 0.278815 0.313913 0.352082 0.393568 0.438566 0.487192 
0.163424 0.189244 0.216928 0.246791 0.279146 0.314293 0.352513 0.394053 0.439109 0.487796 
0.163592 0.18945 0.217173 0.247078 0.279478 0.314672 0.352944 0.394539 0.439653 0.4884 
0.16376 0.189655 0.217418 0.247366 0.27981 0.315053 0.353376 0.395026 0.440197 0.489005 
0.163928 0.189862 0.217664 0.247654 0.280143 0.315434 0.353808 0.395513 0.440743 0.489612 
0.164097 0.190068 0.21791 0.247942 0.280476 0.315816 0.354242 0.396002 0.44129 0.490219 
0.164265 0.190274 0.218157 0.248231 0.28081 0.316198 0.354676 0.396491 0.441837 0.490828 
0.164434 0.190481 0.218403 0.24852 0.281145 0.316581 0.35511 0.396981 0.442386 0.491437 
0.164603 0.190688 0.21865 0.248809 0.281479 0.316964 0.355546 0.397472 0.442936 0.492048 
0.164772 0.190896 0.218898 0.249099 0.281815 0.317348 0.355982 0.397964 0.443486 0.49266 
0.164942 0.191103 0.219146 0.24939 0.282151 0.317733 0.356419 0.398457 0.444037 0.493273 
0.165111 0.191311 0.219394 0.249681 0.282487 0.318118 0.356857 0.39895 0.44459 0.493886 
0.165281 0.191519 0.219642 0.249972 0.282824 0.318504 0.357295 0.399444 0.445143 0.494501 
0.165451 0.191728 0.219891 0.250264 0.283162 0.318891 0.357734 0.399939 0.445697 0.495117 
0.165621 0.191936 0.22014 0.250556 0.2835 0.319278 0.358174 0.400435 0.446253 0.495734 
0.165791 0.192145 0.22039 0.250849 0.283839 0.319666 0.358615 0.400932 0.446809 0.496352 
0.165961 0.192354 0.22064 0.251142 0.284178 0.320055 0.359056 0.40143 0.447366 0.496972 
0.166132 0.192564 0.22089 0.251435 0.284518 0.320444 0.359498 0.401929 0.447924 0.497592 
0.166303 0.192774 0.221141 0.251729 0.284858 0.320834 0.359941 0.402428 0.448483 0.498213 
0.166474 0.192984 0.221392 0.252024 0.285199 0.321224 0.360385 0.402928 0.449043 0.498836 
0.166645 0.193194 0.221643 0.252318 0.28554 0.321615 0.360829 0.403429 0.449605 0.499459 
0.166816 0.193405 0.221895 0.252614 0.285882 0.322007 0.361274 0.403931 0.450167 0.500084 
0.166988 0.193615 0.222147 0.252909 0.286224 0.322399 0.36172 0.404434 0.45073 0.500709 
0.16716 0.193826 0.222399 0.253206 0.286567 0.322792 0.362167 0.404938 0.451294 0.501336 
0.167332 0.194038 0.222652 0.253502 0.286911 0.323186 0.362614 0.405443 0.451859 0.501964 
0.167504 0.194249 0.222905 0.253799 0.287255 0.323581 0.363062 0.405948 0.452425 0.502593 
0.167676 0.194461 0.223158 0.254097 0.287599 0.323976 0.363511 0.406454 0.452992 0.503223 
0.167849 0.194673 0.223412 0.254395 0.287945 0.324371 0.363961 0.406962 0.45356 0.503854 
0.168021 0.194886 0.223666 0.254693 0.28829 0.324767 0.364412 0.40747 0.454129 0.504487 
0.168194 0.195099 0.223921 0.254992 0.288637 0.325164 0.364863 0.407979 0.454699 0.50512 
0.168367 0.195312 0.224176 0.255292 0.288983 0.325562 0.365315 0.408489 0.45527 0.505755 
0.16854 0.195525 0.224431 0.255592 0.289331 0.32596 0.365768 0.409 0.455842 0.50639 
0.168714 0.195738 0.224687 0.255892 0.289679 0.326359 0.366221 0.409511 0.456415 0.507027 
0.168887 0.195952 0.224943 0.256193 0.290027 0.326759 0.366676 0.410024 0.456989 0.507665 
0.169061 0.196166 0.225199 0.256494 0.290376 0.327159 0.367131 0.410537 0.457564 0.508304 
0.169235 0.196381 0.225456 0.256795 0.290726 0.32756 0.367587 0.411052 0.45814 0.508944 
0.169409 0.196595 0.225713 0.257098 0.291076 0.327962 0.368043 0.411567 0.458717 0.509586 
0.169584 0.19681 0.225971 0.2574 0.291427 0.328364 0.368501 0.412083 0.459295 0.510228 
0.169758 0.197026 0.226229 0.257703 0.291778 0.328767 0.368959 0.4126 0.459874 0.510872 
0.169933 0.197241 0.226487 0.258007 0.29213 0.329171 0.369418 0.413118 0.460454 0.511517 
0.170108 0.197457 0.226745 0.258311 0.292483 0.329575 0.369878 0.413637 0.461036 0.512163 
0.170283 0.197673 0.227004 0.258615 0.292836 0.32998 0.370339 0.414157 0.461618 0.51281 
0.170458 0.197889 0.227264 0.25892 0.293189 0.330386 0.3708 0.414678 0.462201 0.513458 
0.170634 0.198106 0.227523 0.259226 0.293544 0.330793 0.371262 0.4152 0.462786 0.514107 
0.17081 0.198323 0.227784 0.259532 0.293898 0.3312 0.371726 0.415722 0.463371 0.514758 
0.170985 0.19854 0.228044 0.259838 0.294254 0.331608 0.372189 0.416246 0.463957 0.51541 
0.171162 0.198757 0.228305 0.260145 0.29461 0.332016 0.372654 0.41677 0.464545 0.516063 
0.171338 0.198975 0.228566 0.260452 0.294966 0.332425 0.37312 0.417296 0.465134 0.516717 
0.171514 0.199193 0.228828 0.26076 0.295323 0.332835 0.373586 0.417822 0.465723 0.517372 
0.171691 0.199411 0.22909 0.261068 0.295681 0.333246 0.374053 0.41835 0.466314 0.518028 
0.171868 0.19963 0.229352 0.261377 0.296039 0.333657 0.374521 0.418878 0.466906 0.518686 
0.172045 0.199849 0.229615 0.261686 0.296398 0.334069 0.37499 0.419407 0.467498 0.519345 
0.172222 0.200068 0.229878 0.261996 0.296758 0.334482 0.37546 0.419937 0.468092 0.520005 
0.172399 0.200288 0.230142 0.262306 0.297118 0.334895 0.37593 0.420468 0.468687 0.520666 
0.172577 0.200507 0.230406 0.262617 0.297479 0.335309 0.376401 0.421 0.469283 0.521328 
0.172755 0.200727 0.23067 0.262928 0.29784 0.335724 0.376873 0.421533 0.469881 0.521992 
0.172933 0.200948 0.230935 0.26324 0.298202 0.33614 0.377346 0.422067 0.470479 0.522657 
0.173111 0.201168 0.2312 0.263552 0.298564 0.336556 0.37782 0.422602 0.471078 0.523323 
0.17329 0.201389 0.231465 0.263865 0.298927 0.336973 0.378295 0.423138 0.471679 0.52399 
0.173468 0.20161 0.231731 0.264178 0.299291 0.337391 0.37877 0.423675 0.47228 0.524659 
0.173647 0.201832 0.231997 0.264492 0.299655 0.337809 0.379247 0.424213 0.472883 0.525328 
0.173826 0.202054 0.232264 0.264806 0.30002 0.338228 0.379724 0.424752 0.473486 0.525999 
0.174005 0.202276 0.232531 0.265121 0.300386 0.338648 0.380202 0.425292 0.474091 0.526671 
0.174184 0.202498 0.232798 0.265436 0.300752 0.339069 0.380681 0.425832 0.474697 0.527345 
0.174364 0.202721 0.233066 0.265752 0.301119 0.33949 0.38116 0.426374 0.475304 0.528019 
0.174544 0.202944 0.233335 0.266068 0.301486 0.339912 0.381641 0.426917 0.475912 0.528695 
0.174724 0.203167 0.233603 0.266385 0.301854 0.340335 0.382122 0.427461 0.476522 0.529372 
0.174904 0.203391 0.233872 0.266702 0.302222 0.340759 0.382605 0.428005 0.477132 0.530051 
0.175084 0.203615 0.234142 0.26702 0.302592 0.341183 0.383088 0.428551 0.477744 0.53073 
0.175265 0.203839 0.234412 0.267338 0.302961 0.341608 0.383572 0.429098 0.478356 0.531411 
0.175446 0.204063 0.234682 0.267657 0.303332 0.342034 0.384057 0.429646 0.47897 0.532093 
0.175626 0.204288 0.234952 0.267976 0.303703 0.34246 0.384543 0.430194 0.479585 0.532777 
0.175808 0.204513 0.235223 0.268296 0.304075 0.342888 0.385029 0.430744 0.480201 0.533461 
0.175989 0.204738 0.235495 0.268616 0.304447 0.343316 0.385517 0.431295 0.480818 0.534147 
0.17617 0.204964 0.235767 0.268937 0.30482 0.343745 0.386005 0.431847 0.481437 0.534834 
0.176352 0.20519 0.236039 0.269258 0.305194 0.344174 0.386495 0.4324 0.482056 0.535523 
0.176534 0.205416 0.236312 0.26958 0.305568 0.344604 0.386985 0.432953 0.482677 0.536213 
0.176716 0.205643 0.236585 0.269902 0.305943 0.345036 0.387476 0.433508 0.483299 0.536904 
0.176899 0.20587 0.236858 0.270225 0.306318 0.345467 0.387968 0.434064 0.483922 0.537596 
0.177081 0.206097 0.237132 0.270548 0.306695 0.3459 0.388461 0.434621 0.484546 0.53829 
0.177264 0.206324 0.237407 0.270872 0.307071 0.346333 0.388955 0.435179 0.485171 0.538984 
0.177447 0.206552 0.237681 0.271197 0.307449 0.346768 0.389449 0.435738 0.485798 0.539681 
0.17763 0.20678 0.237956 0.271522 0.307827 0.347202 0.389945 0.436298 0.486425 0.540378 
0.177813 0.207009 0.238232 0.271847 0.308206 0.347638 0.390442 0.436859 0.487054 0.541077 
0.177997 0.207237 0.238508 0.272173 0.308585 0.348075 0.390939 0.437421 0.487684 0.541777 
0.178181 0.207466 0.238784 0.2725 0.308965 0.348512 0.391437 0.437984 0.488315 0.542479 
0.178365 0.207696 0.239061 0.272827 0.309346 0.34895 0.391937 0.438549 0.488948 0.543181 
0.178549 0.207925 0.239338 0.273155 0.309727 0.349389 0.392437 0.439114 0.489581 0.543885 
0.178733 0.208155 0.239616 0.273483 0.310109 0.349828 0.392938 0.43968 0.490216 0.544591 
0.178918 0.208385 0.239894 0.273811 0.310492 0.350269 0.39344 0.440248 0.490852 0.545298 
0.179102 0.208616 0.240173 0.274141 0.310875 0.35071 0.393943 0.440816 0.491489 0.546006 
0.179287 0.208847 0.240452 0.27447 0.311259 0.351152 0.394447 0.441386 0.492128 0.546715 
0.179472 0.209078 0.240731 0.274801 0.311644 0.351595 0.394952 0.441956 0.492767 0.547426 
0.179658 0.20931 0.241011 0.275132 0.312029 0.352038 0.395457 0.442528 0.493408 0.548138 
0.179843 0.209541 0.241291 0.275463 0.312415 0.352483 0.395964 0.443101 0.49405 0.548852 
0.180029 0.209774 0.241572 0.275795 0.312802 0.352928 0.396472 0.443675 0.494694 0.549567 
0.180215 0.210006 0.241853 0.276128 0.313189 0.353374 0.39698 0.44425 0.495338 0.550283 
0.180401 0.210239 0.242134 0.276461 0.313577 0.353821 0.39749 0.444826 0.495984 0.551 
0.180588 0.210472 0.242416 0.276794 0.313966 0.354268 0.398 0.445403 0.496631 0.551719 
0.180774 0.210705 0.242698 0.277128 0.314356 0.354717 0.398512 0.445981 0.497279 0.55244 
0.180961 0.210939 0.242981 0.277463 0.314746 0.355166 0.399024 0.44656 0.497929 0.553161 
0.181148 0.211173 0.243264 0.277799 0.315136 0.355616 0.399537 0.447141 0.498579 0.553885 
0.181335 0.211407 0.243548 0.278134 0.315528 0.356067 0.400052 0.447722 0.499231 0.554609 
0.181523 0.211642 0.243832 0.278471 0.31592 0.356519 0.400567 0.448305 0.499885 0.555335 
0.18171 0.211877 0.244117 0.278808 0.316313 0.356971 0.401083 0.448889 0.500539 0.556062 
0.181898 0.212112 0.244402 0.279145 0.316706 0.357425 0.4016 0.449474 0.501195 0.556791 
0.182086 0.212348 0.244687 0.279483 0.317101 0.357879 0.402119 0.45006 0.501852 0.557521 
0.182274 0.212584 0.244973 0.279822 0.317496 0.358334 0.402638 0.450647 0.50251 0.558253 
0.182463 0.21282 0.245259 0.280161 0.317891 0.35879 0.403158 0.451235 0.50317 0.558986 
0.182651 0.213057 0.245546 0.280501 0.318287 0.359246 0.403679 0.451824 0.503831 0.55972 
0.18284 0.213294 0.245833 0.280841 0.318685 0.359704 0.404201 0.452415 0.504493 0.560456 
0.183029 0.213531 0.246121 0.281182 0.319082 0.360162 0.404724 0.453007 0.505156 0.561193 
0.183218 0.213769 0.246409 0.281524 0.319481 0.360622 0.405248 0.4536 0.505821 0.561932 
0.183408 0.214007 0.246698 0.281866 0.31988 0.361082 0.405774 0.454194 0.506487 0.562672 
0.183598 0.214245 0.246987 0.282209 0.32028 0.361543 0.4063 0.454789 0.507155 0.563413 
0.183787 0.214483 0.247276 0.282552 0.32068 0.362005 0.406827 0.455385 0.507823 0.564156 
0.183978 0.214722 0.247566 0.282896 0.321082 0.362467 0.407355 0.455982 0.508493 0.564901 
0.184168 0.214961 0.247857 0.28324 0.321484 0.362931 0.407884 0.456581 0.509165 0.565647 
0.184358 0.215201 0.248147 0.283585 0.321886 0.363395 0.408414 0.457181 0.509837 0.566394 
0.184549 0.215441 0.248439 0.283931 0.32229 0.363861 0.408946 0.457782 0.510511 0.567143 
0.18474 0.215681 0.24873 0.284277 0.322694 0.364327 0.409478 0.458384 0.511186 0.567893 
0.184931 0.215922 0.249023 0.284624 0.323099 0.364794 0.410011 0.458987 0.511863 0.568645 
0.185123 0.216163 0.249315 0.284971 0.323505 0.365262 0.410545 0.459592 0.512541 0.569398 
0.185314 0.216404 0.249608 0.285319 0.323911 0.36573 0.411081 0.460197 0.51322 0.570153 
0.185506 0.216645 0.249902 0.285668 0.324318 0.3662 0.411617 0.460804 0.513901 0.570909 
0.185698 0.216887 0.250196 0.286017 0.324726 0.366671 0.412154 0.461412 0.514583 0.571667 
0.18589 0.21713 0.250491 0.286367 0.325135 0.367142 0.412693 0.462022 0.515266 0.572426 
0.186083 0.217372 0.250785 0.286717 0.325544 0.367614 0.413232 0.462632 0.515951 0.573187 
0.186275 0.217615 0.251081 0.287068 0.325954 0.368088 0.413773 0.463244 0.516637 0.573949 
0.186468 0.217858 0.251377 0.28742 0.326365 0.368562 0.414314 0.463857 0.517324 0.574713 
0.186661 0.218102 0.251673 0.287772 0.326777 0.369037 0.414857 0.464471 0.518013 0.575478 
0.186854 0.218346 0.25197 0.288125 0.327189 0.369513 0.4154 0.465086 0.518703 0.576245 
0.187048 0.21859 0.252267 0.288478 0.327602 0.36999 0.415945 0.465703 0.519395 0.577013 
0.187242 0.218835 0.252565 0.288832 0.328016 0.370467 0.416491 0.466321 0.520088 0.577783 
0.187435 0.21908 0.252864 0.289187 0.32843 0.370946 0.417038 0.46694 0.520782 0.578555 
0.18763 0.219325 0.253162 0.289542 0.328846 0.371425 0.417586 0.46756 0.521478 0.579328 
0.187824 0.219571 0.253462 0.289898 0.329262 0.371906 0.418135 0.468181 0.522175 0.580102 
0.188019 0.219817 0.253761 0.290254 0.329679 0.372387 0.418685 0.468804 0.522873 0.580878 
0.188213 0.220063 0.254062 0.290611 0.330097 0.37287 0.419236 0.469428 0.523573 0.581656 
0.188408 0.22031 0.254362 0.290969 0.330515 0.373353 0.419788 0.470053 0.524275 0.582435 
0.188603 0.220557 0.254663 0.291328 0.330934 0.373837 0.420342 0.47068 0.524978 0.583216 
0.188799 0.220804 0.254965 0.291687 0.331354 0.374322 0.420896 0.471308 0.525682 0.583998 
0.188995 0.221052 0.255267 0.292046 0.331775 0.374808 0.421452 0.471937 0.526387 0.584782 
0.18919 0.2213 0.25557 0.292406 0.332196 0.375295 0.422008 0.472567 0.527095 0.585568 
0.189386 0.221549 0.255873 0.292767 0.332619 0.375783 0.422566 0.473199 0.527803 0.586355 
0.189583 0.221798 0.256177 0.293129 0.333042 0.376272 0.423125 0.473831 0.528513 0.587144 
0.189779 0.222047 0.256481 0.293491 0.333466 0.376762 0.423685 0.474466 0.529224 0.587934 
0.189976 0.222296 0.256785 0.293854 0.333891 0.377253 0.424246 0.475101 0.529937 0.588726 
0.190173 0.222546 0.257091 0.294217 0.334316 0.377744 0.424808 0.475738 0.530652 0.58952 
0.19037 0.222796 0.257396 0.294581 0.334742 0.378237 0.425372 0.476376 0.531367 0.590315 
0.190567 0.223047 0.257702 0.294946 0.335169 0.378731 0.425936 0.477015 0.532085 0.591112 
0.190765 0.223298 0.258009 0.295311 0.335597 0.379225 0.426502 0.477656 0.532803 0.59191 
0.190963 0.223549 0.258316 0.295677 0.336026 0.379721 0.427069 0.478298 0.533524 0.59271 
0.191161 0.223801 0.258624 0.296044 0.336456 0.380218 0.427637 0.478941 0.534245 0.593512 
0.191359 0.224053 0.258932 0.296411 0.336886 0.380715 0.428206 0.479585 0.534969 0.594315 
0.191558 0.224305 0.25924 0.296779 0.337317 0.381214 0.428776 0.480231 0.535693 0.595121 
0.191756 0.224558 0.259549 0.297148 0.337749 0.381713 0.429347 0.480879 0.53642 0.595927 
0.191955 0.224811 0.259859 0.297517 0.338182 0.382214 0.42992 0.481527 0.537147 0.596736 
0.192154 0.225065 0.260169 0.297887 0.338615 0.382715 0.430493 0.482177 0.537877 0.597546 
0.192354 0.225319 0.26048 0.298258 0.33905 0.383217 0.431068 0.482828 0.538607 0.598357 
0.192553 0.225573 0.260791 0.298629 0.339485 0.383721 0.431644 0.483481 0.53934 0.599171 
0.192753 0.225827 0.261103 0.299001 0.339921 0.384225 0.432221 0.484135 0.540073 0.599986 
0.192953 0.226082 0.261415 0.299374 0.340358 0.384731 0.4328 0.48479 0.540809 0.600803 
0.193153 0.226338 0.261728 0.299747 0.340796 0.385237 0.433379 0.485447 0.541546 0.601621 
0.193354 0.226593 0.262041 0.300121 0.341234 0.385745 0.43396 0.486105 0.542284 0.602442 
0.193555 0.226849 0.262355 0.300496 0.341674 0.386253 0.434542 0.486764 0.543024 0.603264 
0.193755 0.227106 0.262669 0.300871 0.342114 0.386763 0.435125 0.487425 0.543765 0.604087 
0.193957 0.227363 0.262984 0.301247 0.342555 0.387273 0.43571 0.488087 0.544509 0.604913 
0.194158 0.22762 0.263299 0.301624 0.342997 0.387785 0.436295 0.488751 0.545253 0.60574 
0.19436 0.227877 0.263615 0.302001 0.34344 0.388297 0.436882 0.489416 0.545999 0.606569 
0.194561 0.228135 0.263931 0.302379 0.343883 0.388811 0.43747 0.490082 0.546747 0.607399 
0.194763 0.228394 0.264248 0.302758 0.344328 0.389325 0.438059 0.49075 0.547497 0.608232 
0.194966 0.228652 0.264566 0.303137 0.344773 0.389841 0.438649 0.491419 0.548248 0.609066 
0.195168 0.228911 0.264884 0.303517 0.34522 0.390358 0.439241 0.49209 0.549 0.609902 
0.195371 0.229171 0.265202 0.303898 0.345667 0.390876 0.439834 0.492761 0.549754 0.610739 
0.195574 0.229431 0.265521 0.30428 0.346115 0.391394 0.440428 0.493435 0.55051 0.611579 
0.195777 0.229691 0.265841 0.304662 0.346564 0.391914 0.441023 0.49411 0.551267 0.61242 
0.19598 0.229951 0.266161 0.305045 0.347013 0.392435 0.44162 0.494786 0.552026 0.613263 
0.196184 0.230212 0.266482 0.305429 0.347464 0.392957 0.442217 0.495464 0.552787 0.614108 
0.196388 0.230474 0.266803 0.305813 0.347915 0.39348 0.442816 0.496143 0.553549 0.614954 
0.196592 0.230735 0.267124 0.306198 0.348368 0.394004 0.443417 0.496823 0.554313 0.615803 
0.196796 0.230998 0.267447 0.306584 0.348821 0.394529 0.444018 0.497505 0.555079 0.616653 
0.197001 0.23126 0.26777 0.30697 0.349275 0.395056 0.444621 0.498189 0.555846 0.617505 
0.197206 0.231523 0.268093 0.307358 0.34973 0.395583 0.445225 0.498874 0.556615 0.618359 
0.197411 0.231786 0.268417 0.307745 0.350186 0.396111 0.445831 0.49956 0.557385 0.619215 
0.197616 0.23205 0.268741 0.308134 0.350643 0.396641 0.446437 0.500248 0.558158 0.620072 
0.197821 0.232314 0.269067 0.308523 0.351101 0.397171 0.447045 0.500938 0.558931 0.620932 
0.198027 0.232578 0.269392 0.308914 0.351559 0.397703 0.447655 0.501629 0.559707 0.621793 
0.198233 0.232843 0.269718 0.309304 0.352019 0.398236 0.448265 0.502321 0.560484 0.622656 
0.198439 0.233108 0.270045 0.309696 0.352479 0.39877 0.448877 0.503015 0.561263 0.623521 
0.198645 0.233374 0.270372 0.310088 0.352941 0.399305 0.44949 0.50371 0.562044 0.624388 
0.198852 0.23364 0.2707 0.310481 0.353403 0.399841 0.450104 0.504407 0.562826 0.625257 
0.199059 0.233906 0.271029 0.310875 0.353866 0.400378 0.45072 0.505106 0.56361 0.626127 
0.199266 0.234173 0.271358 0.31127 0.35433 0.400916 0.451337 0.505805 0.564396 0.627 
0.199473 0.23444 0.271687 0.311665 0.354795 0.401456 0.451956 0.506507 0.565183 0.627874 
0.199681 0.234708 0.272017 0.312061 0.355261 0.401996 0.452575 0.50721 0.565972 0.628751 
0.199888 0.234976 0.272348 0.312458 0.355728 0.402538 0.453196 0.507914 0.566763 0.629629 
0.200096 0.235245 0.272679 0.312855 0.356196 0.403081 0.453819 0.50862 0.567556 0.630509 
0.200305 0.235513 0.273011 0.313253 0.356665 0.403625 0.454442 0.509328 0.56835 0.631391 
0.200513 0.235783 0.273343 0.313652 0.357135 0.40417 0.455068 0.510037 0.569146 0.632275 
0.200722 0.236052 0.273676 0.314052 0.357605 0.404716 0.455694 0.510748 0.569944 0.633161 
0.200931 0.236322 0.27401 0.314453 0.358077 0.405263 0.456322 0.51146 0.570744 0.634049 
0.20114 0.236593 0.274344 0.314854 0.35855 0.405812 0.456951 0.512174 0.571546 0.634939 
0.201349 0.236863 0.274679 0.315256 0.359023 0.406362 0.457581 0.51289 0.572349 0.635831 
0.201559 0.237135 0.275014 0.315659 0.359498 0.406913 0.458213 0.513607 0.573154 0.636725 
0.201769 0.237406 0.27535 0.316063 0.359973 0.407465 0.458847 0.514325 0.573961 0.637621 
0.201979 0.237678 0.275687 0.316467 0.36045 0.408018 0.459481 0.515045 0.574769 0.638519 
0.202189 0.237951 0.276024 0.316872 0.360927 0.408572 0.460117 0.515767 0.57558 0.639419 
0.2024 0.238224 0.276361 0.317278 0.361406 0.409128 0.460755 0.516491 0.576392 0.64032 
0.202611 0.238497 0.2767 0.317685 0.361885 0.409685 0.461394 0.517216 0.577206 0.641224 
0.202822 0.238771 0.277039 0.318092 0.362366 0.410243 0.462034 0.517942 0.578022 0.64213 
0.203033 0.239045 0.277378 0.318501 0.362847 0.410802 0.462675 0.518671 0.57884 0.643038 
0.203244 0.23932 0.277718 0.31891 0.363329 0.411362 0.463318 0.5194 0.579659 0.643948 
0.203456 0.239595 0.278059 0.31932 0.363813 0.411924 0.463963 0.520132 0.580481 0.64486 
0.203668 0.23987 0.2784 0.31973 0.364297 0.412486 0.464609 0.520865 0.581304 0.645774 
0.20388 0.240146 0.278742 0.320142 0.364782 0.41305 0.465256 0.5216 0.582129 0.64669 
0.204093 0.240422 0.279085 0.320554 0.365269 0.413616 0.465905 0.522337 0.582956 0.647608 
0.204306 0.240699 0.279428 0.320967 0.365756 0.414182 0.466555 0.523075 0.583785 0.648529 
0.204519 0.240976 0.279771 0.321381 0.366244 0.41475 0.467207 0.523815 0.584616 0.649451 
0.204732 0.241253 0.280116 0.321796 0.366734 0.415319 0.46786 0.524556 0.585449 0.650375 
0.204945 0.241531 0.280461 0.322211 0.367224 0.415889 0.468515 0.525299 0.586283 0.651302 
0.205159 0.24181 0.280806 0.322628 0.367716 0.41646 0.469171 0.526044 0.58712 0.652231 
0.205373 0.242088 0.281152 0.323045 0.368208 0.417033 0.469828 0.526791 0.587958 0.653161 
0.205587 0.242368 0.281499 0.323463 0.368702 0.417606 0.470487 0.527539 0.588799 0.654094 
0.205801 0.242647 0.281847 0.323881 0.369196 0.418182 0.471148 0.528289 0.589641 0.655029 
0.206016 0.242927 0.282195 0.324301 0.369692 0.418758 0.47181 0.529041 0.590485 0.655966 
0.206231 0.243208 0.282543 0.324722 0.370188 0.419336 0.472473 0.529794 0.591332 0.656906 
0.206446 0.243489 0.282893 0.325143 0.370686 0.419914 0.473138 0.53055 0.59218 0.657847 
0.206661 0.24377 0.283243 0.325565 0.371185 0.420495 0.473804 0.531307 0.59303 0.658791 
0.206877 0.244052 0.283593 0.325988 0.371685 0.421076 0.474472 0.532065 0.593882 0.659736 
0.207093 0.244334 0.283945 0.326412 0.372185 0.421659 0.475142 0.532826 0.594736 0.660684 
0.207309 0.244617 0.284296 0.326836 0.372687 0.422243 0.475813 0.533588 0.595592 0.661635 
0.207525 0.2449 0.284649 0.327262 0.37319 0.422828 0.476486 0.534352 0.59645 0.662587 
0.207742 0.245184 0.285002 0.327688 0.373694 0.423415 0.47716 0.535118 0.59731 0.663542 
0.207959 0.245468 0.285356 0.328116 0.3742 0.424003 0.477835 0.535885 0.598172 0.664498 
0.208176 0.245753 0.28571 0.328544 0.374706 0.424592 0.478512 0.536654 0.599036 0.665457 
0.208393 0.246037 0.286066 0.328973 0.375213 0.425183 0.479191 0.537426 0.599902 0.666419 
0.208611 0.246323 0.286421 0.329402 0.375721 0.425774 0.479872 0.538198 0.600771 0.667382 
0.208828 0.246609 0.286778 0.329833 0.376231 0.426368 0.480553 0.538973 0.601641 0.668348 
0.209046 0.246895 0.287135 0.330265 0.376741 0.426962 0.481237 0.53975 0.602513 0.669316 
0.209265 0.247182 0.287493 0.330697 0.377253 0.427558 0.481922 0.540528 0.603387 0.670286 
0.209483 0.247469 0.287851 0.33113 0.377766 0.428155 0.482608 0.541308 0.604264 0.671259 
0.209702 0.247757 0.28821 0.331565 0.37828 0.428754 0.483297 0.54209 0.605142 0.672234 
0.209921 0.248045 0.28857 0.332 0.378795 0.429354 0.483986 0.542874 0.606023 0.673211 
0.21014 0.248333 0.28893 0.332436 0.379311 0.429955 0.484678 0.54366 0.606905 0.67419 
0.21036 0.248622 0.289291 0.332872 0.379828 0.430558 0.485371 0.544448 0.60779 0.675172 
0.21058 0.248912 0.289653 0.33331 0.380346 0.431162 0.486066 0.545237 0.608677 0.676156 
0.2108 0.249202 0.290015 0.333749 0.380866 0.431767 0.486762 0.546028 0.609566 0.677143 
0.21102 0.249492 0.290378 0.334188 0.381386 0.432374 0.48746 0.546822 0.610457 0.678132 
0.211241 0.249783 0.290742 0.334629 0.381908 0.432982 0.488159 0.547617 0.61135 0.679123 
0.211461 0.250074 0.291107 0.33507 0.382431 0.433592 0.48886 0.548414 0.612246 0.680116 
0.211682 0.250366 0.291472 0.335512 0.382955 0.434202 0.489563 0.549213 0.613143 0.681112 
0.211904 0.250658 0.291838 0.335956 0.38348 0.434815 0.490268 0.550014 0.614043 0.68211 
0.212125 0.250951 0.292204 0.3364 0.384007 0.435429 0.490974 0.550816 0.614945 0.683111 
0.212347 0.251244 0.292571 0.336845 0.384534 0.436044 0.491682 0.551621 0.615849 0.684114 
0.212569 0.251538 0.292939 0.337291 0.385063 0.43666 0.492391 0.552428 0.616755 0.68512 
0.212791 0.251832 0.293308 0.337738 0.385593 0.437278 0.493103 0.553236 0.617664 0.686128 
0.213014 0.252127 0.293677 0.338185 0.386124 0.437898 0.493815 0.554047 0.618574 0.687138 
0.213237 0.252422 0.294047 0.338634 0.386656 0.438519 0.49453 0.55486 0.619487 0.688151 
0.21346 0.252717 0.294418 0.339084 0.387189 0.439141 0.495246 0.555674 0.620402 0.689166 
0.213683 0.253013 0.294789 0.339534 0.387724 0.439765 0.495964 0.556491 0.62132 0.690184 
0.213907 0.25331 0.295161 0.339986 0.38826 0.44039 0.496684 0.557309 0.622239 0.691204 
0.214131 0.253607 0.295534 0.340439 0.388797 0.441017 0.497406 0.55813 0.623161 0.692227 
0.214355 0.253904 0.295908 0.340892 0.389335 0.441645 0.498129 0.558952 0.624085 0.693252 
0.214579 0.254202 0.296282 0.341346 0.389874 0.442274 0.498854 0.559777 0.625012 0.694279 
0.214804 0.254501 0.296657 0.341802 0.390415 0.442906 0.499581 0.560603 0.62594 0.69531 
0.215028 0.2548 0.297033 0.342258 0.390957 0.443538 0.500309 0.561432 0.626871 0.696342 
0.215254 0.255099 0.297409 0.342716 0.3915 0.444172 0.501039 0.562262 0.627805 0.697378 
0.215479 0.255399 0.297786 0.343174 0.392044 0.444808 0.501771 0.563095 0.62874 0.698415 
0.215704 0.255699 0.298164 0.343633 0.39259 0.445445 0.502505 0.56393 0.629678 0.699456 
0.21593 0.256 0.298543 0.344093 0.393137 0.446084 0.503241 0.564767 0.630618 0.700499 
0.216156 0.256302 0.298922 0.344555 0.393685 0.446724 0.503978 0.565606 0.631561 0.701544 
0.216383 0.256604 0.299302 0.345017 0.394234 0.447365 0.504717 0.566446 0.632506 0.702592 
0.21661 0.256906 0.299683 0.34548 0.394784 0.448009 0.505459 0.56729 0.633453 0.703643 
0.216836 0.257209 0.300064 0.345944 0.395336 0.448653 0.506201 0.568135 0.634403 0.704696 
0.217064 0.257512 0.300447 0.346409 0.395889 0.449299 0.506946 0.568982 0.635355 0.705752 
0.217291 0.257816 0.30083 0.346876 0.396443 0.449947 0.507693 0.569831 0.63631 0.706811 
0.217519 0.25812 0.301214 0.347343 0.396999 0.450597 0.508441 0.570683 0.637267 0.707872 
0.217747 0.258425 0.301598 0.347811 0.397556 0.451248 0.509191 0.571537 0.638226 0.708936 
0.217975 0.258731 0.301984 0.34828 0.398114 0.4519 0.509943 0.572393 0.639188 0.710003 
0.218203 0.259037 0.30237 0.348751 0.398674 0.452554 0.510697 0.573251 0.640152 0.711072 
0.218432 0.259343 0.302756 0.349222 0.399234 0.45321 0.511453 0.574111 0.641119 0.712144 
0.218661 0.25965 0.303144 0.349694 0.399796 0.453867 0.512211 0.574973 0.642088 0.713219 
0.21889 0.259958 0.303532 0.350168 0.40036 0.454526 0.51297 0.575838 0.643059 0.714296 
0.21912 0.260265 0.303922 0.350642 0.400924 0.455186 0.513732 0.576705 0.644033 0.715376 
0.21935 0.260574 0.304312 0.351118 0.40149 0.455849 0.514495 0.577574 0.64501 0.716459 
0.21958 0.260883 0.304702 0.351594 0.402058 0.456512 0.515261 0.578445 0.645989 0.717545 
0.21981 0.261192 0.305094 0.352072 0.402626 0.457178 0.516028 0.579318 0.646971 0.718633 
0.22004 0.261503 0.305486 0.35255 0.403196 0.457845 0.516797 0.580194 0.647955 0.719724 
0.220271 0.261813 0.305879 0.35303 0.403768 0.458513 0.517568 0.581072 0.648941 0.720818 
0.220502 0.262124 0.306273 0.353511 0.404341 0.459183 0.518341 0.581952 0.649931 0.721915 
0.220734 0.262436 0.306667 0.353992 0.404915 0.459855 0.519117 0.582834 0.650922 0.723014 
0.220965 0.262748 0.307063 0.354475 0.40549 0.460529 0.519894 0.583719 0.651917 0.724117 
0.221197 0.263061 0.307459 0.354959 0.406067 0.461204 0.520673 0.584606 0.652914 0.725222 
0.221429 0.263374 0.307856 0.355444 0.406645 0.461881 0.521454 0.585496 0.653913 0.72633 
0.221662 0.263688 0.308254 0.35593 0.407224 0.46256 0.522237 0.586387 0.654915 0.727441 
0.221894 0.264002 0.308653 0.356417 0.407805 0.46324 0.523022 0.587281 0.65592 0.728555 
0.222127 0.264317 0.309052 0.356906 0.408388 0.463922 0.523809 0.588178 0.656927 0.729672 
0.222361 0.264632 0.309452 0.357395 0.408971 0.464606 0.524598 0.589076 0.657937 0.730791 
0.222594 0.264948 0.309853 0.357886 0.409556 0.465291 0.525389 0.589977 0.65895 0.731914 
0.222828 0.265264 0.310255 0.358377 0.410143 0.465978 0.526182 0.590881 0.659966 0.733039 
0.223062 0.265581 0.310658 0.35887 0.410731 0.466667 0.526977 0.591786 0.660984 0.734168 
0.223296 0.265899 0.311062 0.359364 0.41132 0.467358 0.527775 0.592694 0.662004 0.735299 
0.223531 0.266217 0.311466 0.359859 0.411911 0.46805 0.528574 0.593605 0.663028 0.736433 
0.223766 0.266535 0.311871 0.360355 0.412503 0.468744 0.529376 0.594518 0.664054 0.737571 
0.224001 0.266855 0.312277 0.360852 0.413097 0.46944 0.530179 0.595433 0.665083 0.738711 
0.224236 0.267174 0.312684 0.36135 0.413692 0.470138 0.530985 0.596351 0.666114 0.739854 
0.224472 0.267495 0.313092 0.36185 0.414289 0.470837 0.531793 0.597271 0.667149 0.741001 
0.224708 0.267815 0.3135 0.36235 0.414887 0.471538 0.532602 0.598194 0.668186 0.74215 
0.224944 0.268137 0.31391 0.362852 0.415486 0.472241 0.533414 0.599119 0.669226 0.743302 
0.22518 0.268459 0.31432 0.363355 0.416087 0.472946 0.534229 0.600047 0.670269 0.744458 
0.225417 0.268781 0.314731 0.363859 0.416689 0.473653 0.535045 0.600977 0.671314 0.745616 
0.225654 0.269104 0.315143 0.364364 0.417293 0.474361 0.535863 0.60191 0.672363 0.746778 
0.225891 0.269428 0.315556 0.364871 0.417899 0.475071 0.536684 0.602845 0.673414 0.747943 
0.226129 0.269752 0.31597 0.365378 0.418506 0.475783 0.537507 0.603783 0.674468 0.749111 
0.226367 0.270077 0.316384 0.365887 0.419114 0.476497 0.538332 0.604723 0.675525 0.750282 
0.226605 0.270402 0.3168 0.366397 0.419724 0.477213 0.539159 0.605666 0.676584 0.751456 
0.226843 0.270728 0.317216 0.366908 0.420335 0.477931 0.539989 0.606611 0.677647 0.752634 
0.227082 0.271055 0.317633 0.36742 0.420948 0.47865 0.54082 0.607559 0.678713 0.753814 
0.227321 0.271382 0.318051 0.367934 0.421563 0.479372 0.541654 0.608509 0.679781 0.754998 
0.22756 0.27171 0.31847 0.368449 0.422179 0.480095 0.54249 0.609463 0.680853 0.756185 
0.227799 0.272038 0.31889 0.368965 0.422797 0.48082 0.543329 0.610418 0.681927 0.757375 
0.228039 0.272367 0.319311 0.369482 0.423416 0.481547 0.544169 0.611377 0.683004 0.758568 
0.228279 0.272696 0.319733 0.37 0.424036 0.482277 0.545012 0.612338 0.684085 0.759765 
0.22852 0.273026 0.320155 0.37052 0.424659 0.483007 0.545858 0.613301 0.685168 0.760965 
0.22876 0.273357 0.320579 0.371041 0.425283 0.48374 0.546705 0.614268 0.686254 0.762168 
0.229001 0.273688 0.321003 0.371563 0.425908 0.484475 0.547555 0.615237 0.687343 0.763375 
0.229242 0.27402 0.321428 0.372086 0.426535 0.485212 0.548407 0.616208 0.688436 0.764585 
0.229484 0.274352 0.321855 0.372611 0.427164 0.485951 0.549262 0.617183 0.689531 0.765798 
0.229725 0.274685 0.322282 0.373137 0.427794 0.486691 0.550119 0.61816 0.69063 0.767015 
0.229967 0.275018 0.32271 0.373664 0.428426 0.487434 0.550978 0.61914 0.691731 0.768235 
0.23021 0.275353 0.323139 0.374192 0.429059 0.488179 0.55184 0.620122 0.692836 0.769458 
0.230452 0.275687 0.323569 0.374722 0.429694 0.488926 0.552704 0.621107 0.693943 0.770685 
0.230695 0.276023 0.324 0.375253 0.430331 0.489674 0.55357 0.622095 0.695054 0.771915 
0.230938 0.276359 0.324431 0.375785 0.430969 0.490425 0.554439 0.623086 0.696168 0.773148 
0.231181 0.276695 0.324864 0.376319 0.43161 0.491178 0.55531 0.62408 0.697285 0.774385 
0.231425 0.277033 0.325298 0.376853 0.432251 0.491933 0.556184 0.625076 0.698406 0.775626 
0.231669 0.27737 0.325733 0.37739 0.432895 0.49269 0.55706 0.626076 0.699529 0.77687 
0.231913 0.277709 0.326168 0.377927 0.43354 0.493448 0.557938 0.627078 0.700656 0.778117 
0.232158 0.278048 0.326605 0.378466 0.434186 0.494209 0.558819 0.628083 0.701786 0.779368 
0.232403 0.278388 0.327042 0.379006 0.434835 0.494973 0.559703 0.629091 0.702919 0.780623 
0.232648 0.278728 0.327481 0.379547 0.435485 0.495738 0.560589 0.630102 0.704055 0.781881 
0.232893 0.279069 0.32792 0.38009 0.436137 0.496505 0.561477 0.631115 0.705195 0.783143 
0.233139 0.27941 0.328361 0.380634 0.43679 0.497274 0.562368 0.632132 0.706338 0.784408 
0.233385 0.279753 0.328802 0.381179 0.437446 0.498046 0.563262 0.633151 0.707484 0.785677 
0.233631 0.280095 0.329245 0.381726 0.438103 0.498819 0.564158 0.634174 0.708633 0.786949 
0.233878 0.280439 0.329688 0.382274 0.438761 0.499595 0.565056 0.635199 0.709786 0.788225 
0.234124 0.280783 0.330132 0.382824 0.439422 0.500373 0.565957 0.636227 0.710942 0.789505 
0.234371 0.281128 0.330578 0.383375 0.440084 0.501153 0.566861 0.637259 0.712102 0.790789 
0.234619 0.281473 0.331024 0.383927 0.440748 0.501936 0.567767 0.638293 0.713265 0.792076 
0.234867 0.281819 0.331472 0.38448 0.441414 0.50272 0.568676 0.639331 0.714431 0.793367 
0.235115 0.282166 0.33192 0.385035 0.442082 0.503507 0.569588 0.640371 0.715601 0.794661 
0.235363 0.282513 0.33237 0.385592 0.442751 0.504296 0.570502 0.641414 0.716774 0.79596 
0.235611 0.282861 0.33282 0.38615 0.443422 0.505087 0.571419 0.642461 0.717951 0.797262 
0.23586 0.28321 0.333272 0.386709 0.444095 0.50588 0.572339 0.64351 0.719131 0.798568 
0.236109 0.283559 0.333724 0.38727 0.44477 0.506676 0.573261 0.644563 0.720314 0.799877 
0.236359 0.283909 0.334178 0.387832 0.445447 0.507473 0.574186 0.645619 0.721501 0.801191 
0.236608 0.28426 0.334632 0.388395 0.446125 0.508274 0.575113 0.646678 0.722692 0.802508 
0.236858 0.284611 0.335088 0.38896 0.446806 0.509076 0.576043 0.64774 0.723886 0.80383 
0.237109 0.284963 0.335545 0.389526 0.447488 0.509881 0.576976 0.648805 0.725084 0.805155 
0.237359 0.285316 0.336002 0.390094 0.448172 0.510688 0.577912 0.649874 0.726285 0.806484 
0.23761 0.285669 0.336461 0.390664 0.448858 0.511497 0.578851 0.650945 0.72749 0.807817 
0.237861 0.286023 0.336921 0.391234 0.449546 0.512308 0.579792 0.65202 0.728698 0.809154 
0.238113 0.286378 0.337382 0.391807 0.450236 0.513122 0.580736 0.653098 0.72991 0.810495 
0.238365 0.286733 0.337844 0.39238 0.450927 0.513939 0.581683 0.654179 0.731126 0.81184 
0.238617 0.287089 0.338307 0.392955 0.451621 0.514757 0.582633 0.655264 0.732346 0.813189 
0.238869 0.287446 0.338771 0.393532 0.452317 0.515578 0.583585 0.656352 0.733569 0.814542 
0.239122 0.287803 0.339237 0.39411 0.453014 0.516402 0.584541 0.657443 0.734796 0.815899 
0.239375 0.288161 0.339703 0.39469 0.453713 0.517228 0.585499 0.658538 0.736026 0.81726 
0.239628 0.28852 0.34017 0.395271 0.454415 0.518056 0.58646 0.659635 0.737261 0.818625 
0.239881 0.28888 0.340639 0.395854 0.455118 0.518887 0.587424 0.660737 0.738499 0.819994 
0.240135 0.28924 0.341109 0.396438 0.455823 0.51972 0.588391 0.661841 0.739741 0.821368 
0.240389 0.289601 0.34158 0.397024 0.456531 0.520555 0.589361 0.662949 0.740986 0.822745 
0.240644 0.289962 0.342051 0.397612 0.45724 0.521393 0.590334 0.66406 0.742236 0.824127 
0.240898 0.290325 0.342525 0.3982 0.457951 0.522234 0.59131 0.665175 0.743489 0.825513 
0.241153 0.290688 0.342999 0.398791 0.458665 0.523077 0.592288 0.666293 0.744746 0.826903 
0.241409 0.291051 0.343474 0.399383 0.45938 0.523922 0.59327 0.667415 0.746008 0.828297 
0.241664 0.291416 0.34395 0.399977 0.460097 0.52477 0.594255 0.66854 0.747273 0.829696 
0.24192 0.291781 0.344428 0.400572 0.460817 0.525621 0.595243 0.669669 0.748542 0.831099 
0.242177 0.292147 0.344907 0.401169 0.461538 0.526474 0.596233 0.670801 0.749815 0.832507 
0.242433 0.292514 0.345387 0.401767 0.462262 0.52733 0.597227 0.671937 0.751092 0.833918 
0.24269 0.292881 0.345868 0.402367 0.462987 0.528188 0.598224 0.673076 0.752373 0.835334 
0.242947 0.293249 0.34635 0.402969 0.463715 0.529049 0.599224 0.674219 0.753658 0.836755 
0.243205 0.293618 0.346833 0.403572 0.464445 0.529912 0.600228 0.675365 0.754947 0.838179 
0.243462 0.293987 0.347318 0.404177 0.465177 0.530778 0.601234 0.676515 0.75624 0.839609 
0.24372 0.294358 0.347804 0.404784 0.465911 0.531647 0.602243 0.677669 0.757537 0.841042 
0.243979 0.294729 0.348291 0.405392 0.466647 0.532519 0.603256 0.678826 0.758838 0.842481 
0.244237 0.295101 0.348779 0.406002 0.467386 0.533393 0.604272 0.679987 0.760144 0.843923 
0.244496 0.295473 0.349268 0.406614 0.468126 0.534269 0.605291 0.681152 0.761453 0.845371 
0.244756 0.295846 0.349759 0.407227 0.468869 0.535149 0.606313 0.682321 0.762767 0.846822 
0.245015 0.296221 0.350251 0.407842 0.469614 0.536031 0.607338 0.683493 0.764085 0.848279 
0.245275 0.296595 0.350744 0.408458 0.470361 0.536915 0.608367 0.684669 0.765407 0.84974 
0.245535 0.296971 0.351238 0.409077 0.471111 0.537803 0.609399 0.685849 0.766734 0.851205 
0.245796 0.297347 0.351733 0.409697 0.471862 0.538693 0.610434 0.687032 0.768064 0.852676 
0.246056 0.297724 0.35223 0.410319 0.472616 0.539586 0.611472 0.68822 0.7694 0.854151 
0.246318 0.298102 0.352728 0.410942 0.473372 0.540482 0.612514 0.689411 0.770739 0.85563 
0.246579 0.298481 0.353227 0.411568 0.47413 0.541381 0.61356 0.690606 0.772083 0.857115 
0.246841 0.29886 0.353728 0.412195 0.474891 0.542282 0.614608 0.691805 0.773431 0.858604 
0.247103 0.299241 0.35423 0.412823 0.475654 0.543187 0.61566 0.693008 0.774783 0.860098 
0.247365 0.299622 0.354733 0.413454 0.476419 0.544094 0.616715 0.694215 0.77614 0.861597 
0.247628 0.300004 0.355237 0.414086 0.477187 0.545004 0.617774 0.695426 0.777502 0.8631 
0.247891 0.300386 0.355742 0.414721 0.477956 0.545917 0.618836 0.696641 0.778868 0.864609 
0.248154 0.30077 0.356249 0.415357 0.478728 0.546832 0.619902 0.69786 0.780238 0.866122 
0.248418 0.301154 0.356758 0.415994 0.479503 0.547751 0.620971 0.699083 0.781613 0.86764 
0.248682 0.301539 0.357267 0.416634 0.48028 0.548673 0.622044 0.70031 0.782992 0.869164 
0.248946 0.301925 0.357778 0.417275 0.481059 0.549597 0.62312 0.701541 0.784376 0.870692 
0.24921 0.302311 0.35829 0.417919 0.481841 0.550525 0.6242 0.702776 0.785765 0.872225 
0.249475 0.302699 0.358803 0.418564 0.482625 0.551455 0.625283 0.704015 0.787158 0.873764 
0.24974 0.303087 0.359318 0.419211 0.483411 0.552389 0.62637 0.705259 0.788556 0.875307 
0.250006 0.303476 0.359834 0.41986 0.4842 0.553326 0.627461 0.706506 0.789959 0.876856 
0.250272 0.303866 0.360352 0.42051 0.484992 0.554265 0.628555 0.707758 0.791366 0.878409 
0.250538 0.304257 0.36087 0.421163 0.485786 0.555208 0.629653 0.709014 0.792779 0.879968 
0.250804 0.304648 0.361391 0.421818 0.486582 0.556154 0.630754 0.710274 0.794196 0.881532 
0.251071 0.305041 0.361912 0.422474 0.487381 0.557102 0.631859 0.711539 0.795617 0.883101 
0.251338 0.305434 0.362435 0.423132 0.488182 0.558054 0.632968 0.712808 0.797044 0.884675 
0.251605 0.305828 0.362959 0.423793 0.488986 0.559009 0.634081 0.714081 0.798475 0.886255 
0.251873 0.306223 0.363485 0.424455 0.489792 0.559968 0.635197 0.715359 0.799912 0.88784 
0.252141 0.306619 0.364012 0.425119 0.490601 0.560929 0.636317 0.716641 0.801353 0.889431 
0.252409 0.307016 0.36454 0.425786 0.491413 0.561893 0.637441 0.717927 0.802799 0.891026 
0.252678 0.307413 0.36507 0.426454 0.492227 0.562861 0.638569 0.719218 0.80425 0.892627 
0.252947 0.307812 0.365602 0.427124 0.493043 0.563832 0.639701 0.720513 0.805706 0.894234 
0.253216 0.308211 0.366134 0.427796 0.493863 0.564806 0.640836 0.721813 0.807168 0.895846 
0.253486 0.308611 0.366668 0.42847 0.494684 0.565784 0.641976 0.723118 0.808634 0.897464 
0.253756 0.309012 0.367204 0.429147 0.495509 0.566765 0.643119 0.724426 0.810105 0.899087 
0.254026 0.309414 0.367741 0.429825 0.496336 0.567749 0.644267 0.72574 0.811582 0.900715 
0.254297 0.309817 0.36828 0.430505 0.497166 0.568736 0.645418 0.727058 0.813063 0.90235 
0.254567 0.31022 0.368819 0.431188 0.497999 0.569727 0.646573 0.728381 0.81455 0.90399 
0.254839 0.310625 0.369361 0.431872 0.498834 0.570721 0.647733 0.729708 0.816042 0.905635 
0.25511 0.31103 0.369904 0.432559 0.499672 0.571718 0.648896 0.73104 0.81754 0.907286 
0.255382 0.311437 0.370448 0.433247 0.500513 0.572719 0.650064 0.732377 0.819043 0.908943 
0.255654 0.311844 0.370994 0.433938 0.501356 0.573724 0.651235 0.733719 0.820551 0.910606 
0.255927 0.312252 0.371542 0.434631 0.502202 0.574731 0.652411 0.735065 0.822064 0.912275 
0.2562 0.312661 0.372091 0.435326 0.503052 0.575743 0.653591 0.736416 0.823583 0.913949 
0.256473 0.313071 0.372641 0.436023 0.503903 0.576757 0.654775 0.737772 0.825107 0.91563 
0.256746 0.313482 0.373193 0.436723 0.504758 0.577776 0.655963 0.739133 0.826636 0.917316 
0.25702 0.313894 0.373747 0.437424 0.505616 0.578797 0.657156 0.740499 0.828172 0.919008 
0.257294 0.314307 0.374302 0.438128 0.506476 0.579823 0.658352 0.741869 0.829712 0.920706 
0.257569 0.314721 0.374858 0.438834 0.507339 0.580852 0.659554 0.743245 0.831259 0.92241 
0.257844 0.315136 0.375416 0.439542 0.508206 0.581884 0.660759 0.744626 0.83281 0.924121 
0.258119 0.315551 0.375976 0.440252 0.509075 0.58292 0.661969 0.746012 0.834368 0.925837 
0.258394 0.315968 0.376538 0.440965 0.509947 0.58396 0.663183 0.747402 0.835931 0.92756 
0.25867 0.316385 0.377101 0.44168 0.510822 0.585004 0.664401 0.748798 0.8375 0.929288 
0.258946 0.316804 0.377665 0.442397 0.5117 0.586051 0.665624 0.750199 0.839075 0.931023 
0.259223 0.317223 0.378231 0.443116 0.512581 0.587102 0.666852 0.751606 0.840655 0.932764 
0.2595 0.317644 0.378799 0.443838 0.513465 0.588156 0.668084 0.753017 0.842241 0.934512 
0.259777 0.318065 0.379369 0.444562 0.514352 0.589215 0.66932 0.754434 0.843833 0.936266 
0.260054 0.318488 0.37994 0.445288 0.515242 0.590277 0.670561 0.755855 0.845431 0.938026 
0.260332 0.318911 0.380512 0.446017 0.516135 0.591343 0.671807 0.757283 0.847035 0.939792 
0.26061 0.319336 0.381087 0.446748 0.517031 0.592413 0.673057 0.758715 0.848645 0.941565 
0.260889 0.319761 0.381663 0.447482 0.51793 0.593487 0.674312 0.760153 0.850261 0.943345 
0.261167 0.320188 0.382241 0.448218 0.518833 0.594564 0.675571 0.761596 0.851883 0.945131 
0.261447 0.320615 0.38282 0.448956 0.519738 0.595646 0.676835 0.763045 0.853511 0.946924 
0.261726 0.321043 0.383401 0.449696 0.520647 0.596732 0.678104 0.7645 0.855145 0.948723 
0.262006 0.321473 0.383984 0.45044 0.521559 0.597821 0.679378 0.765959 0.856786 0.950529 
0.262286 0.321903 0.384569 0.451185 0.522474 0.598915 0.680656 0.767425 0.858432 0.952342 
0.262567 0.322335 0.385155 0.451933 0.523393 0.600012 0.68194 0.768896 0.860085 0.954161 
0.262847 0.322767 0.385743 0.452684 0.524314 0.601114 0.683228 0.770372 0.861744 0.955988 
0.263129 0.323201 0.386333 0.453437 0.525239 0.602219 0.684521 0.771854 0.86341 0.957821 
0.26341 0.323636 0.386924 0.454192 0.526167 0.603329 0.685819 0.773342 0.865082 0.959661 
0.263692 0.324071 0.387518 0.45495 0.527099 0.604443 0.687122 0.774836 0.86676 0.961508 
0.263974 0.324508 0.388113 0.455711 0.528034 0.605561 0.68843 0.776336 0.868445 0.963362 
0.264257 0.324946 0.38871 0.456474 0.528972 0.606684 0.689743 0.777841 0.870136 0.965222 
0.26454 0.325385 0.389309 0.457239 0.529914 0.60781 0.691061 0.779352 0.871834 0.96709 
0.264823 0.325825 0.389909 0.458008 0.530859 0.608941 0.692384 0.780869 0.873538 0.968966 
0.265106 0.326266 0.390511 0.458779 0.531807 0.610076 0.693713 0.782392 0.875249 0.970848 
0.26539 0.326708 0.391116 0.459552 0.532759 0.611215 0.695046 0.783921 0.876967 0.972737 
0.265674 0.327151 0.391722 0.460328 0.533715 0.612359 0.696385 0.785456 0.878692 0.974634 
0.265959 0.327595 0.39233 0.461107 0.534673 0.613507 0.697729 0.786997 0.880423 0.976538 
0.266244 0.328041 0.39294 0.461889 0.535636 0.61466 0.699078 0.788545 0.882161 0.97845 
0.266529 0.328487 0.393551 0.462673 0.536602 0.615817 0.700433 0.790098 0.883906 0.980369 
0.266815 0.328935 0.394165 0.46346 0.537571 0.616978 0.701793 0.791658 0.885658 0.982295 
0.267101 0.329384 0.39478 0.46425 0.538545 0.618144 0.703158 0.793224 0.887417 0.984229 
0.267387 0.329834 0.395398 0.465042 0.539521 0.619315 0.704529 0.794796 0.889183 0.98617 
0.267674 0.330285 0.396017 0.465837 0.540502 0.62049 0.705905 0.796374 0.890956 0.98812 
0.267961 0.330737 0.396639 0.466635 0.541486 0.621669 0.707287 0.797959 0.892737 0.990076 
0.268248 0.33119 0.397262 0.467436 0.542474 0.622853 0.708674 0.799551 0.894524 0.992041 
0.268536 0.331645 0.397887 0.46824 0.543465 0.624042 0.710067 0.801148 0.896319 0.994013 
0.268824 0.3321 0.398514 0.469046 0.544461 0.625236 0.711466 0.802753 0.89812 0.995993 
0.269113 0.332557 0.399144 0.469855 0.54546 0.626434 0.71287 0.804364 0.89993 0.997981 
0.269401 0.333015 0.399775 0.470668 0.546463 0.627637 0.71428 0.805981 0.901746 0.999977 
0.26969 0.333474 0.400408 0.471483 0.547469 0.628845 0.715696 0.807605 0.90357 1.00198 
0.26998 0.333935 0.401044 0.472301 0.54848 0.630058 0.717117 0.809236 0.905402 1.00399 
0.27027 0.334396 0.401681 0.473122 0.549494 0.631275 0.718545 0.810874 0.907241 1.00601 
0.27056 0.334859 0.40232 0.473946 0.550513 0.632498 0.719978 0.812518 0.909088 1.00804 
0.270851 0.335323 0.402962 0.474773 0.551535 0.633725 0.721417 0.81417 0.910942 1.01008 
0.271141 0.335788 0.403606 0.475603 0.552561 0.634958 0.722862 0.815828 0.912804 1.01212 
0.271433 0.336255 0.404251 0.476436 0.553592 0.636195 0.724314 0.817493 0.914674 1.01418 
0.271724 0.336722 0.404899 0.477272 0.554626 0.637438 0.725771 0.819166 0.916551 1.01624 
0.272016 0.337191 0.405549 0.478111 0.555665 0.638685 0.727234 0.820845 0.918437 1.01831 
0.272309 0.337661 0.406201 0.478954 0.556707 0.639938 0.728704 0.822531 0.92033 1.02039 
0.272601 0.338133 0.406856 0.479799 0.557754 0.641196 0.73018 0.824225 0.922232 1.02247 
0.272894 0.338605 0.407512 0.480648 0.558805 0.642459 0.731662 0.825926 0.924141 1.02457 
0.273188 0.339079 0.408171 0.481499 0.55986 0.643727 0.73315 0.827634 0.926059 1.02667 
0.273481 0.339555 0.408832 0.482354 0.560919 0.645001 0.734645 0.829349 0.927985 1.02879 
0.273776 0.340031 0.409495 0.483212 0.561982 0.64628 0.736146 0.831072 0.929919 1.03091 
0.27407 0.340509 0.410161 0.484074 0.56305 0.647564 0.737653 0.832803 0.931861 1.03304 
0.274365 0.340988 0.410828 0.484938 0.564122 0.648854 0.739167 0.83454 0.933812 1.03518 
0.27466 0.341468 0.411498 0.485806 0.565199 0.650149 0.740688 0.836286 0.935771 1.03733 
0.274956 0.34195 0.41217 0.486677 0.566279 0.651449 0.742215 0.838039 0.937739 1.03949 
0.275252 0.342433 0.412845 0.487552 0.567364 0.652756 0.743749 0.8398 0.939715 1.04165 
0.275548 0.342917 0.413522 0.48843 0.568454 0.654067 0.745289 0.841568 0.9417 1.04383 
0.275845 0.343403 0.414201 0.489311 0.569548 0.655385 0.746836 0.843344 0.943693 1.04602 
0.276142 0.34389 0.414882 0.490196 0.570647 0.656708 0.74839 0.845129 0.945696 1.04821 
0.276439 0.344379 0.415566 0.491084 0.57175 0.658036 0.749951 0.846921 0.947707 1.05042 
0.276737 0.344868 0.416253 0.491975 0.572858 0.659371 0.751519 0.848721 0.949727 1.05263 
0.277035 0.34536 0.416941 0.49287 0.57397 0.660711 0.753094 0.850529 0.951756 1.05485 
0.277333 0.345852 0.417633 0.493769 0.575087 0.662057 0.754676 0.852345 0.953794 1.05709 
0.277632 0.346346 0.418326 0.494671 0.576209 0.663409 0.756264 0.85417 0.955841 1.05933 
0.277931 0.346842 0.419022 0.495577 0.577335 0.664767 0.757861 0.856002 0.957897 1.06158 
0.278231 0.347338 0.419721 0.496486 0.578467 0.666131 0.759464 0.857843 0.959963 1.06385 
0.278531 0.347836 0.420422 0.497399 0.579603 0.667501 0.761074 0.859693 0.962037 1.06612 
0.278831 0.348336 0.421125 0.498315 0.580744 0.668877 0.762692 0.861551 0.964122 1.0684 
0.279132 0.348837 0.421831 0.499235 0.581889 0.670259 0.764317 0.863417 0.966215 1.0707 
0.279433 0.34934 0.42254 0.500159 0.58304 0.671648 0.76595 0.865292 0.968319 1.073 
0.279734 0.349844 0.423251 0.501087 0.584196 0.673042 0.76759 0.867176 0.970431 1.07531 
0.280036 0.350349 0.423965 0.502018 0.585356 0.674443 0.769238 0.869068 0.972554 1.07764 
0.280338 0.350856 0.424681 0.502954 0.586522 0.67585 0.770893 0.870969 0.974686 1.07997 
0.280641 0.351365 0.4254 0.503893 0.587693 0.677264 0.772556 0.872879 0.976829 1.08232 
0.280944 0.351874 0.426122 0.504835 0.588869 0.678684 0.774226 0.874798 0.978981 1.08467 
0.281247 0.352386 0.426846 0.505782 0.59005 0.68011 0.775905 0.876726 0.981143 1.08704 
0.281551 0.352899 0.427573 0.506733 0.591236 0.681543 0.777591 0.878663 0.983315 1.08941 
0.281855 0.353413 0.428303 0.507687 0.592427 0.682983 0.779286 0.88061 0.985498 1.0918 
0.282159 0.353929 0.429036 0.508646 0.593624 0.684429 0.780988 0.882565 0.98769 1.0942 
