0.100504 0.111198 0.123062 0.136233 0.150871 0.16716 0.185314 0.205587 0.228279 0.253756 
0.100605 0.111311 0.123187 0.136372 0.151025 0.167332 0.185506 0.205801 0.22852 0.254026 
0.100707 0.111424 0.123312 0.136511 0.15118 0.167504 0.185698 0.206016 0.22876 0.254297 
0.100809 0.111537 0.123437 0.13665 0.151334 0.167676 0.18589 0.206231 0.229001 0.254567 
0.100911 0.111649 0.123562 0.136789 0.151489 0.167849 0.186083 0.206446 0.229242 0.254839 
0.101013 0.111763 0.123688 0.136928 0.151644 0.168021 0.186275 0.206661 0.229484 0.25511 
0.101115 0.111876 0.123814 0.137068 0.1518 0.168194 0.186468 0.206877 0.229725 0.255382 
0.101217 0.111989 0.123939 0.137208 0.151955 0.168367 0.186661 0.207093 0.229967 0.255654 
0.101319 0.112103 0.124065 0.137348 0.15211 0.16854 0.186854 0.207309 0.23021 0.255927 
0.101422 0.112216 0.124191 0.137488 0.152266 0.168714 0.187048 0.207525 0.230452 0.2562 
0.101524 0.11233 0.124317 0.137628 0.152422 0.168887 0.187242 0.207742 0.230695 0.256473 
0.101627 0.112444 0.124444 0.137768 0.152578 0.169061 0.187435 0.207959 0.230938 0.256746 
0.10173 0.112558 0.12457 0.137908 0.152734 0.169235 0.18763 0.208176 0.231181 0.25702 
0.101832 0.112672 0.124697 0.138049 0.152891 0.169409 0.187824 0.208393 0.231425 0.257294 
0.101935 0.112786 0.124823 0.13819 0.153047 0.169584 0.188019 0.208611 0.231669 0.257569 
0.102038 0.1129 0.12495 0.138331 0.153204 0.169758 0.188213 0.208828 0.231913 0.257844 
0.102142 0.113014 0.125077 0.138472 0.153361 0.169933 0.188408 0.209046 0.232158 0.258119 
0.102245 0.113129 0.125204 0.138613 0.153518 0.170108 0.188603 0.209265 0.232403 0.258394 
0.102348 0.113244 0.125332 0.138754 0.153675 0.170283 0.188799 0.209483 0.232648 0.25867 
0.102452 0.113358 0.125459 0.138896 0.153833 0.170458 0.188995 0.209702 0.232893 0.258946 
0.102555 0.113473 0.125586 0.139037 0.15399 0.170634 0.18919 0.209921 0.233139 0.259223 
0.102659 0.113588 0.125714 0.139179 0.154148 0.17081 0.189386 0.21014 0.233385 0.2595 
0.102763 0.113703 0.125842 0.139321 0.154306 0.170985 0.189583 0.21036 0.233631 0.259777 
0.102867 0.113819 0.12597 0.139463 0.154464 0.171162 0.189779 0.21058 0.233878 0.260054 
0.102971 0.113934 0.126098 0.139606 0.154622 0.171338 0.189976 0.2108 0.234124 0.260332 
0.103075 0.114049 0.126226 0.139748 0.15478 0.171514 0.190173 0.21102 0.234371 0.26061 
0.103179 0.114165 0.126354 0.139891 0.154939 0.171691 0.19037 0.211241 0.234619 0.260889 
0.103283 0.114281 0.126483 0.140033 0.155098 0.171868 0.190567 0.211461 0.234867 0.261167 
0.103388 0.114397 0.126611 0.140176 0.155257 0.172045 0.190765 0.211682 0.235115 0.261447 
0.103492 0.114513 0.12674 0.140319 0.155416 0.172222 0.190963 0.211904 0.235363 0.261726 
0.103597 0.114629 0.126869 0.140462 0.155575 0.172399 0.191161 0.212125 0.235611 0.262006 
0.103702 0.114745 0.126998 0.140606 0.155734 0.172577 0.191359 0.212347 0.23586 0.262286 
0.103807 0.114861 0.127127 0.140749 0.155894 0.172755 0.191558 0.212569 0.236109 0.262567 
0.103912 0.114978 0.127256 0.140893 0.156054 0.172933 0.191756 0.212791 0.236359 0.262847 
0.104017 0.115094 0.127386 0.141036 0.156214 0.173111 0.191955 0.213014 0.236608 0.263129 
0.104122 0.115211 0.127515 0.14118 0.156374 0.17329 0.192154 0.213237 0.236858 0.26341 
0.104227 0.115328 0.127645 0.141324 0.156534 0.173468 0.192354 0.21346 0.237109 0.263692 
0.104333 0.115444 0.127775 0.141469 0.156695 0.173647 0.192553 0.213683 0.237359 0.263974 
0.104438 0.115562 0.127904 0.141613 0.156855 0.173826 0.192753 0.213907 0.23761 0.264257 
0.104544 0.115679 0.128035 0.141758 0.157016 0.174005 0.192953 0.214131 0.237861 0.26454 
0.104649 0.115796 0.128165 0.141902 0.157177 0.174184 0.193153 0.214355 0.238113 0.264823 
0.104755 0.115913 0.128295 0.142047 0.157338 0.174364 0.193354 0.214579 0.238365 0.265106 
0.104861 0.116031 0.128426 0.142192 0.157499 0.174544 0.193555 0.214804 0.238617 0.26539 
0.104967 0.116149 0.128556 0.142337 0.157661 0.174724 0.193755 0.215028 0.238869 0.265674 
0.105074 0.116266 0.128687 0.142482 0.157823 0.174904 0.193957 0.215254 0.239122 0.265959 
0.10518 0.116384 0.128818 0.142628 0.157984 0.175084 0.194158 0.215479 0.239375 0.266244 
0.105286 0.116502 0.128949 0.142774 0.158146 0.175265 0.19436 0.215704 0.239628 0.266529 
0.105393 0.11662 0.12908 0.142919 0.158309 0.175446 0.194561 0.21593 0.239881 0.266815 
0.105499 0.116739 0.129211 0.143065 0.158471 0.175626 0.194763 0.216156 0.240135 0.267101 
0.105606 0.116857 0.129343 0.143211 0.158634 0.175808 0.194966 0.216383 0.240389 0.267387 
0.105713 0.116976 0.129474 0.143358 0.158796 0.175989 0.195168 0.21661 0.240644 0.267674 
0.10582 0.117094 0.129606 0.143504 0.158959 0.17617 0.195371 0.216836 0.240898 0.267961 
0.105927 0.117213 0.129738 0.14365 0.159122 0.176352 0.195574 0.217064 0.241153 0.268248 
0.106034 0.117332 0.12987 0.143797 0.159285 0.176534 0.195777 0.217291 0.241409 0.268536 
0.106141 0.117451 0.130002 0.143944 0.159449 0.176716 0.19598 0.217519 0.241664 0.268824 
0.106249 0.11757 0.130134 0.144091 0.159612 0.176899 0.196184 0.217747 0.24192 0.269113 
0.106356 0.117689 0.130267 0.144238 0.159776 0.177081 0.196388 0.217975 0.242177 0.269401 
0.106464 0.117809 0.130399 0.144385 0.15994 0.177264 0.196592 0.218203 0.242433 0.26969 
0.106572 0.117928 0.130532 0.144533 0.160104 0.177447 0.196796 0.218432 0.24269 0.26998 
0.106679 0.118048 0.130665 0.144681 0.160269 0.17763 0.197001 0.218661 0.242947 0.27027 
0.106787 0.118168 0.130798 0.144828 0.160433 0.177813 0.197206 0.21889 0.243205 0.27056 
0.106895 0.118287 0.130931 0.144976 0.160598 0.177997 0.197411 0.21912 0.243462 0.270851 
0.107004 0.118407 0.131064 0.145124 0.160763 0.178181 0.197616 0.21935 0.24372 0.271141 
0.107112 0.118528 0.131197 0.145273 0.160928 0.178365 0.197821 0.21958 0.243979 0.271433 
0.10722 0.118648 0.131331 0.145421 0.161093 0.178549 0.198027 0.21981 0.244237 0.271724 
0.107329 0.118768 0.131465 0.14557 0.161258 0.178733 0.198233 0.22004 0.244496 0.272016 
0.107437 0.118889 0.131598 0.145718 0.161424 0.178918 0.198439 0.220271 0.244756 0.272309 
0.107546 0.119009 0.131732 0.145867 0.161589 0.179102 0.198645 0.220502 0.245015 0.272601 
0.107655 0.11913 0.131866 0.146016 0.161755 0.179287 0.198852 0.220734 0.245275 0.272894 
0.107764 0.119251 0.132001 0.146166 0.161921 0.179472 0.199059 0.220965 0.245535 0.273188 
0.107873 0.119372 0.132135 0.146315 0.162088 0.179658 0.199266 0.221197 0.245796 0.273481 
0.107982 0.119493 0.13227 0.146464 0.162254 0.179843 0.199473 0.221429 0.246056 0.273776 
0.108092 0.119614 0.132404 0.146614 0.162421 0.180029 0.199681 0.221662 0.246318 0.27407 
0.108201 0.119736 0.132539 0.146764 0.162587 0.180215 0.199888 0.221894 0.246579 0.274365 
0.10831 0.119857 0.132674 0.146914 0.162754 0.180401 0.200096 0.222127 0.246841 0.27466 
0.10842 0.119979 0.132809 0.147064 0.162922 0.180588 0.200305 0.222361 0.247103 0.274956 
0.10853 0.120101 0.132944 0.147214 0.163089 0.180774 0.200513 0.222594 0.247365 0.275252 
0.10864 0.120223 0.13308 0.147365 0.163256 0.180961 0.200722 0.222828 0.247628 0.275548 
0.10875 0.120345 0.133215 0.147516 0.163424 0.181148 0.200931 0.223062 0.247891 0.275845 
0.10886 0.120467 0.133351 0.147666 0.163592 0.181335 0.20114 0.223296 0.248154 0.276142 
0.10897 0.120589 0.133487 0.147817 0.16376 0.181523 0.201349 0.223531 0.248418 0.276439 
0.10908 0.120711 0.133623 0.147968 0.163928 0.18171 0.201559 0.223766 0.248682 0.276737 
0.109191 0.120834 0.133759 0.14812 0.164097 0.181898 0.201769 0.224001 0.248946 0.277035 
0.109301 0.120957 0.133895 0.148271 0.164265 0.182086 0.201979 0.224236 0.24921 0.277333 
0.109412 0.121079 0.134031 0.148423 0.164434 0.182274 0.202189 0.224472 0.249475 0.277632 
0.109523 0.121202 0.134168 0.148575 0.164603 0.182463 0.2024 0.224708 0.24974 0.277931 
0.109634 0.121325 0.134304 0.148727 0.164772 0.182651 0.202611 0.224944 0.250006 0.278231 
0.109745 0.121449 0.134441 0.148879 0.164942 0.18284 0.202822 0.22518 0.250272 0.278531 
0.109856 0.121572 0.134578 0.149031 0.165111 0.183029 0.203033 0.225417 0.250538 0.278831 
0.109967 0.121695 0.134715 0.149183 0.165281 0.183218 0.203244 0.225654 0.250804 0.279132 
0.110078 0.121819 0.134852 0.149336 0.165451 0.183408 0.203456 0.225891 0.251071 0.279433 
0.11019 0.121943 0.13499 0.149489 0.165621 0.183598 0.203668 0.226129 0.251338 0.279734 
0.110301 0.122066 0.135127 0.149642 0.165791 0.183787 0.20388 0.226367 0.251605 0.280036 
0.110413 0.12219 0.135265 0.149795 0.165961 0.183978 0.204093 0.226605 0.251873 0.280338 
0.110525 0.122314 0.135403 0.149948 0.166132 0.184168 0.204306 0.226843 0.252141 0.280641 
0.110637 0.122439 0.135541 0.150101 0.166303 0.184358 0.204519 0.227082 0.252409 0.280944 
0.110749 0.122563 0.135679 0.150255 0.166474 0.184549 0.204732 0.227321 0.252678 0.281247 
0.110861 0.122687 0.135817 0.150409 0.166645 0.18474 0.204945 0.22756 0.252947 0.281551 
0.110973 0.122812 0.135956 0.150562 0.166816 0.184931 0.205159 0.227799 0.253216 0.281855 
0.111086 0.122937 0.136094 0.150717 0.166988 0.185123 0.205373 0.228039 0.253486 0.282159 
0.111198 0.123062 0.136233 0.150871 0.16716 0.185314 0.205587 0.228279 0.253756 0.282464 
0.111311 0.123187 0.136372 0.151025 0.167332 0.185506 0.205801 0.22852 0.254026 0.282769 
0.111424 0.123312 0.136511 0.15118 0.167504 0.185698 0.206016 0.22876 0.254297 0.283075 
0.111537 0.123437 0.13665 0.151334 0.167676 0.18589 0.206231 0.229001 0.254567 0.283381 
0.111649 0.123562 0.136789 0.151489 0.167849 0.186083 0.206446 0.229242 0.254839 0.283687 
0.111763 0.123688 0.136928 0.151644 0.168021 0.186275 0.206661 0.229484 0.25511 0.283994 
0.111876 0.123814 0.137068 0.1518 0.168194 0.186468 0.206877 0.229725 0.255382 0.284301 
0.111989 0.123939 0.137208 0.151955 0.168367 0.186661 0.207093 0.229967 0.255654 0.284608 
0.112103 0.124065 0.137348 0.15211 0.16854 0.186854 0.207309 0.23021 0.255927 0.284916 
0.112216 0.124191 0.137488 0.152266 0.168714 0.187048 0.207525 0.230452 0.2562 0.285225 
0.11233 0.124317 0.137628 0.152422 0.168887 0.187242 0.207742 0.230695 0.256473 0.285533 
0.112444 0.124444 0.137768 0.152578 0.169061 0.187435 0.207959 0.230938 0.256746 0.285842 
0.112558 0.12457 0.137908 0.152734 0.169235 0.18763 0.208176 0.231181 0.25702 0.286152 
0.112672 0.124697 0.138049 0.152891 0.169409 0.187824 0.208393 0.231425 0.257294 0.286461 
0.112786 0.124823 0.13819 0.153047 0.169584 0.188019 0.208611 0.231669 0.257569 0.286771 
0.1129 0.12495 0.138331 0.153204 0.169758 0.188213 0.208828 0.231913 0.257844 0.287082 
0.113014 0.125077 0.138472 0.153361 0.169933 0.188408 0.209046 0.232158 0.258119 0.287393 
0.113129 0.125204 0.138613 0.153518 0.170108 0.188603 0.209265 0.232403 0.258394 0.287704 
0.113244 0.125332 0.138754 0.153675 0.170283 0.188799 0.209483 0.232648 0.25867 0.288016 
0.113358 0.125459 0.138896 0.153833 0.170458 0.188995 0.209702 0.232893 0.258946 0.288328 
0.113473 0.125586 0.139037 0.15399 0.170634 0.18919 0.209921 0.233139 0.259223 0.288641 
0.113588 0.125714 0.139179 0.154148 0.17081 0.189386 0.21014 0.233385 0.2595 0.288953 
0.113703 0.125842 0.139321 0.154306 0.170985 0.189583 0.21036 0.233631 0.259777 0.289267 
0.113819 0.12597 0.139463 0.154464 0.171162 0.189779 0.21058 0.233878 0.260054 0.28958 
0.113934 0.126098 0.139606 0.154622 0.171338 0.189976 0.2108 0.234124 0.260332 0.289894 
0.114049 0.126226 0.139748 0.15478 0.171514 0.190173 0.21102 0.234371 0.26061 0.290209 
0.114165 0.126354 0.139891 0.154939 0.171691 0.19037 0.211241 0.234619 0.260889 0.290524 
0.114281 0.126483 0.140033 0.155098 0.171868 0.190567 0.211461 0.234867 0.261167 0.290839 
0.114397 0.126611 0.140176 0.155257 0.172045 0.190765 0.211682 0.235115 0.261447 0.291155 
0.114513 0.12674 0.140319 0.155416 0.172222 0.190963 0.211904 0.235363 0.261726 0.291471 
0.114629 0.126869 0.140462 0.155575 0.172399 0.191161 0.212125 0.235611 0.262006 0.291787 
0.114745 0.126998 0.140606 0.155734 0.172577 0.191359 0.212347 0.23586 0.262286 0.292104 
0.114861 0.127127 0.140749 0.155894 0.172755 0.191558 0.212569 0.236109 0.262567 0.292421 
0.114978 0.127256 0.140893 0.156054 0.172933 0.191756 0.212791 0.236359 0.262847 0.292739 
0.115094 0.127386 0.141036 0.156214 0.173111 0.191955 0.213014 0.236608 0.263129 0.293057 
0.115211 0.127515 0.14118 0.156374 0.17329 0.192154 0.213237 0.236858 0.26341 0.293375 
0.115328 0.127645 0.141324 0.156534 0.173468 0.192354 0.21346 0.237109 0.263692 0.293694 
0.115444 0.127775 0.141469 0.156695 0.173647 0.192553 0.213683 0.237359 0.263974 0.294013 
0.115562 0.127904 0.141613 0.156855 0.173826 0.192753 0.213907 0.23761 0.264257 0.294333 
0.115679 0.128035 0.141758 0.157016 0.174005 0.192953 0.214131 0.237861 0.26454 0.294653 
0.115796 0.128165 0.141902 0.157177 0.174184 0.193153 0.214355 0.238113 0.264823 0.294973 
0.115913 0.128295 0.142047 0.157338 0.174364 0.193354 0.214579 0.238365 0.265106 0.295294 
0.116031 0.128426 0.142192 0.157499 0.174544 0.193555 0.214804 0.238617 0.26539 0.295616 
0.116149 0.128556 0.142337 0.157661 0.174724 0.193755 0.215028 0.238869 0.265674 0.295937 
0.116266 0.128687 0.142482 0.157823 0.174904 0.193957 0.215254 0.239122 0.265959 0.296259 
0.116384 0.128818 0.142628 0.157984 0.175084 0.194158 0.215479 0.239375 0.266244 0.296582 
0.116502 0.128949 0.142774 0.158146 0.175265 0.19436 0.215704 0.239628 0.266529 0.296905 
0.11662 0.12908 0.142919 0.158309 0.175446 0.194561 0.21593 0.239881 0.266815 0.297228 
0.116739 0.129211 0.143065 0.158471 0.175626 0.194763 0.216156 0.240135 0.267101 0.297552 
0.116857 0.129343 0.143211 0.158634 0.175808 0.194966 0.216383 0.240389 0.267387 0.297876 
0.116976 0.129474 0.143358 0.158796 0.175989 0.195168 0.21661 0.240644 0.267674 0.2982 
0.117094 0.129606 0.143504 0.158959 0.17617 0.195371 0.216836 0.240898 0.267961 0.298525 
0.117213 0.129738 0.14365 0.159122 0.176352 0.195574 0.217064 0.241153 0.268248 0.29885 
0.117332 0.12987 0.143797 0.159285 0.176534 0.195777 0.217291 0.241409 0.268536 0.299176 
0.117451 0.130002 0.143944 0.159449 0.176716 0.19598 0.217519 0.241664 0.268824 0.299502 
0.11757 0.130134 0.144091 0.159612 0.176899 0.196184 0.217747 0.24192 0.269113 0.299829 
0.117689 0.130267 0.144238 0.159776 0.177081 0.196388 0.217975 0.242177 0.269401 0.300156 
0.117809 0.130399 0.144385 0.15994 0.177264 0.196592 0.218203 0.242433 0.26969 0.300483 
0.117928 0.130532 0.144533 0.160104 0.177447 0.196796 0.218432 0.24269 0.26998 0.300811 
0.118048 0.130665 0.144681 0.160269 0.17763 0.197001 0.218661 0.242947 0.27027 0.301139 
0.118168 0.130798 0.144828 0.160433 0.177813 0.197206 0.21889 0.243205 0.27056 0.301468 
0.118287 0.130931 0.144976 0.160598 0.177997 0.197411 0.21912 0.243462 0.270851 0.301797 
0.118407 0.131064 0.145124 0.160763 0.178181 0.197616 0.21935 0.24372 0.271141 0.302127 
0.118528 0.131197 0.145273 0.160928 0.178365 0.197821 0.21958 0.243979 0.271433 0.302456 
0.118648 0.131331 0.145421 0.161093 0.178549 0.198027 0.21981 0.244237 0.271724 0.302787 
0.118768 0.131465 0.14557 0.161258 0.178733 0.198233 0.22004 0.244496 0.272016 0.303118 
0.118889 0.131598 0.145718 0.161424 0.178918 0.198439 0.220271 0.244756 0.272309 0.303449 
0.119009 0.131732 0.145867 0.161589 0.179102 0.198645 0.220502 0.245015 0.272601 0.30378 
0.11913 0.131866 0.146016 0.161755 0.179287 0.198852 0.220734 0.245275 0.272894 0.304112 
0.119251 0.132001 0.146166 0.161921 0.179472 0.199059 0.220965 0.245535 0.273188 0.304445 
0.119372 0.132135 0.146315 0.162088 0.179658 0.199266 0.221197 0.245796 0.273481 0.304778 
0.119493 0.13227 0.146464 0.162254 0.179843 0.199473 0.221429 0.246056 0.273776 0.305111 
0.119614 0.132404 0.146614 0.162421 0.180029 0.199681 0.221662 0.246318 0.27407 0.305445 
0.119736 0.132539 0.146764 0.162587 0.180215 0.199888 0.221894 0.246579 0.274365 0.305779 
0.119857 0.132674 0.146914 0.162754 0.180401 0.200096 0.222127 0.246841 0.27466 0.306113 
0.119979 0.132809 0.147064 0.162922 0.180588 0.200305 0.222361 0.247103 0.274956 0.306448 
0.120101 0.132944 0.147214 0.163089 0.180774 0.200513 0.222594 0.247365 0.275252 0.306784 
0.120223 0.13308 0.147365 0.163256 0.180961 0.200722 0.222828 0.247628 0.275548 0.30712 
0.120345 0.133215 0.147516 0.163424 0.181148 0.200931 0.223062 0.247891 0.275845 0.307456 
0.120467 0.133351 0.147666 0.163592 0.181335 0.20114 0.223296 0.248154 0.276142 0.307793 
0.120589 0.133487 0.147817 0.16376 0.181523 0.201349 0.223531 0.248418 0.276439 0.30813 
0.120711 0.133623 0.147968 0.163928 0.18171 0.201559 0.223766 0.248682 0.276737 0.308468 
0.120834 0.133759 0.14812 0.164097 0.181898 0.201769 0.224001 0.248946 0.277035 0.308806 
0.120957 0.133895 0.148271 0.164265 0.182086 0.201979 0.224236 0.24921 0.277333 0.309144 
0.121079 0.134031 0.148423 0.164434 0.182274 0.202189 0.224472 0.249475 0.277632 0.309483 
0.121202 0.134168 0.148575 0.164603 0.182463 0.2024 0.224708 0.24974 0.277931 0.309822 
0.121325 0.134304 0.148727 0.164772 0.182651 0.202611 0.224944 0.250006 0.278231 0.310162 
0.121449 0.134441 0.148879 0.164942 0.18284 0.202822 0.22518 0.250272 0.278531 0.310502 
0.121572 0.134578 0.149031 0.165111 0.183029 0.203033 0.225417 0.250538 0.278831 0.310843 
0.121695 0.134715 0.149183 0.165281 0.183218 0.203244 0.225654 0.250804 0.279132 0.311184 
0.121819 0.134852 0.149336 0.165451 0.183408 0.203456 0.225891 0.251071 0.279433 0.311526 
0.121943 0.13499 0.149489 0.165621 0.183598 0.203668 0.226129 0.251338 0.279734 0.311868 
0.122066 0.135127 0.149642 0.165791 0.183787 0.20388 0.226367 0.251605 0.280036 0.31221 
0.12219 0.135265 0.149795 0.165961 0.183978 0.204093 0.226605 0.251873 0.280338 0.312553 
0.122314 0.135403 0.149948 0.166132 0.184168 0.204306 0.226843 0.252141 0.280641 0.312896 
0.122439 0.135541 0.150101 0.166303 0.184358 0.204519 0.227082 0.252409 0.280944 0.31324 
0.122563 0.135679 0.150255 0.166474 0.184549 0.204732 0.227321 0.252678 0.281247 0.313584 
0.122687 0.135817 0.150409 0.166645 0.18474 0.204945 0.22756 0.252947 0.281551 0.313929 
0.122812 0.135956 0.150562 0.166816 0.184931 0.205159 0.227799 0.253216 0.281855 0.314274 
0.122937 0.136094 0.150717 0.166988 0.185123 0.205373 0.228039 0.253486 0.282159 0.314619 
0.123062 0.136233 0.150871 0.16716 0.185314 0.205587 0.228279 0.253756 0.282464 0.314965 
0.123187 0.136372 0.151025 0.167332 0.185506 0.205801 0.22852 0.254026 0.282769 0.315312 
0.123312 0.136511 0.15118 0.167504 0.185698 0.206016 0.22876 0.254297 0.283075 0.315659 
0.123437 0.13665 0.151334 0.167676 0.18589 0.206231 0.229001 0.254567 0.283381 0.316006 
0.123562 0.136789 0.151489 0.167849 0.186083 0.206446 0.229242 0.254839 0.283687 0.316354 
0.123688 0.136928 0.151644 0.168021 0.186275 0.206661 0.229484 0.25511 0.283994 0.316702 
0.123814 0.137068 0.1518 0.168194 0.186468 0.206877 0.229725 0.255382 0.284301 0.317051 
0.123939 0.137208 0.151955 0.168367 0.186661 0.207093 0.229967 0.255654 0.284608 0.3174 
0.124065 0.137348 0.15211 0.16854 0.186854 0.207309 0.23021 0.255927 0.284916 0.31775 
0.124191 0.137488 0.152266 0.168714 0.187048 0.207525 0.230452 0.2562 0.285225 0.3181 
0.124317 0.137628 0.152422 0.168887 0.187242 0.207742 0.230695 0.256473 0.285533 0.31845 
0.124444 0.137768 0.152578 0.169061 0.187435 0.207959 0.230938 0.256746 0.285842 0.318801 
0.12457 0.137908 0.152734 0.169235 0.18763 0.208176 0.231181 0.25702 0.286152 0.319153 
0.124697 0.138049 0.152891 0.169409 0.187824 0.208393 0.231425 0.257294 0.286461 0.319504 
0.124823 0.13819 0.153047 0.169584 0.188019 0.208611 0.231669 0.257569 0.286771 0.319857 
0.12495 0.138331 0.153204 0.169758 0.188213 0.208828 0.231913 0.257844 0.287082 0.32021 
0.125077 0.138472 0.153361 0.169933 0.188408 0.209046 0.232158 0.258119 0.287393 0.320563 
0.125204 0.138613 0.153518 0.170108 0.188603 0.209265 0.232403 0.258394 0.287704 0.320917 
0.125332 0.138754 0.153675 0.170283 0.188799 0.209483 0.232648 0.25867 0.288016 0.321271 
0.125459 0.138896 0.153833 0.170458 0.188995 0.209702 0.232893 0.258946 0.288328 0.321625 
0.125586 0.139037 0.15399 0.170634 0.18919 0.209921 0.233139 0.259223 0.288641 0.321981 
0.125714 0.139179 0.154148 0.17081 0.189386 0.21014 0.233385 0.2595 0.288953 0.322336 
0.125842 0.139321 0.154306 0.170985 0.189583 0.21036 0.233631 0.259777 0.289267 0.322692 
0.12597 0.139463 0.154464 0.171162 0.189779 0.21058 0.233878 0.260054 0.28958 0.323049 
0.126098 0.139606 0.154622 0.171338 0.189976 0.2108 0.234124 0.260332 0.289894 0.323406 
0.126226 0.139748 0.15478 0.171514 0.190173 0.21102 0.234371 0.26061 0.290209 0.323763 
0.126354 0.139891 0.154939 0.171691 0.19037 0.211241 0.234619 0.260889 0.290524 0.324121 
0.126483 0.140033 0.155098 0.171868 0.190567 0.211461 0.234867 0.261167 0.290839 0.32448 
0.126611 0.140176 0.155257 0.172045 0.190765 0.211682 0.235115 0.261447 0.291155 0.324838 
0.12674 0.140319 0.155416 0.172222 0.190963 0.211904 0.235363 0.261726 0.291471 0.325198 
0.126869 0.140462 0.155575 0.172399 0.191161 0.212125 0.235611 0.262006 0.291787 0.325558 
0.126998 0.140606 0.155734 0.172577 0.191359 0.212347 0.23586 0.262286 0.292104 0.325918 
0.127127 0.140749 0.155894 0.172755 0.191558 0.212569 0.236109 0.262567 0.292421 0.326279 
0.127256 0.140893 0.156054 0.172933 0.191756 0.212791 0.236359 0.262847 0.292739 0.32664 
0.127386 0.141036 0.156214 0.173111 0.191955 0.213014 0.236608 0.263129 0.293057 0.327002 
0.127515 0.14118 0.156374 0.17329 0.192154 0.213237 0.236858 0.26341 0.293375 0.327364 
0.127645 0.141324 0.156534 0.173468 0.192354 0.21346 0.237109 0.263692 0.293694 0.327727 
0.127775 0.141469 0.156695 0.173647 0.192553 0.213683 0.237359 0.263974 0.294013 0.32809 
0.127904 0.141613 0.156855 0.173826 0.192753 0.213907 0.23761 0.264257 0.294333 0.328453 
0.128035 0.141758 0.157016 0.174005 0.192953 0.214131 0.237861 0.26454 0.294653 0.328818 
0.128165 0.141902 0.157177 0.174184 0.193153 0.214355 0.238113 0.264823 0.294973 0.329182 
0.128295 0.142047 0.157338 0.174364 0.193354 0.214579 0.238365 0.265106 0.295294 0.329547 
0.128426 0.142192 0.157499 0.174544 0.193555 0.214804 0.238617 0.26539 0.295616 0.329913 
0.128556 0.142337 0.157661 0.174724 0.193755 0.215028 0.238869 0.265674 0.295937 0.330279 
0.128687 0.142482 0.157823 0.174904 0.193957 0.215254 0.239122 0.265959 0.296259 0.330645 
0.128818 0.142628 0.157984 0.175084 0.194158 0.215479 0.239375 0.266244 0.296582 0.331012 
0.128949 0.142774 0.158146 0.175265 0.19436 0.215704 0.239628 0.266529 0.296905 0.33138 
0.12908 0.142919 0.158309 0.175446 0.194561 0.21593 0.239881 0.266815 0.297228 0.331748 
0.129211 0.143065 0.158471 0.175626 0.194763 0.216156 0.240135 0.267101 0.297552 0.332117 
0.129343 0.143211 0.158634 0.175808 0.194966 0.216383 0.240389 0.267387 0.297876 0.332486 
0.129474 0.143358 0.158796 0.175989 0.195168 0.21661 0.240644 0.267674 0.2982 0.332855 
0.129606 0.143504 0.158959 0.17617 0.195371 0.216836 0.240898 0.267961 0.298525 0.333225 
0.129738 0.14365 0.159122 0.176352 0.195574 0.217064 0.241153 0.268248 0.29885 0.333595 
0.12987 0.143797 0.159285 0.176534 0.195777 0.217291 0.241409 0.268536 0.299176 0.333966 
0.130002 0.143944 0.159449 0.176716 0.19598 0.217519 0.241664 0.268824 0.299502 0.334338 
0.130134 0.144091 0.159612 0.176899 0.196184 0.217747 0.24192 0.269113 0.299829 0.33471 
0.130267 0.144238 0.159776 0.177081 0.196388 0.217975 0.242177 0.269401 0.300156 0.335082 
0.130399 0.144385 0.15994 0.177264 0.196592 0.218203 0.242433 0.26969 0.300483 0.335455 
0.130532 0.144533 0.160104 0.177447 0.196796 0.218432 0.24269 0.26998 0.300811 0.335829 
0.130665 0.144681 0.160269 0.17763 0.197001 0.218661 0.242947 0.27027 0.301139 0.336203 
0.130798 0.144828 0.160433 0.177813 0.197206 0.21889 0.243205 0.27056 0.301468 0.336577 
0.130931 0.144976 0.160598 0.177997 0.197411 0.21912 0.243462 0.270851 0.301797 0.336952 
0.131064 0.145124 0.160763 0.178181 0.197616 0.21935 0.24372 0.271141 0.302127 0.337328 
0.131197 0.145273 0.160928 0.178365 0.197821 0.21958 0.243979 0.271433 0.302456 0.337704 
0.131331 0.145421 0.161093 0.178549 0.198027 0.21981 0.244237 0.271724 0.302787 0.33808 
0.131465 0.14557 0.161258 0.178733 0.198233 0.22004 0.244496 0.272016 0.303118 0.338457 
0.131598 0.145718 0.161424 0.178918 0.198439 0.220271 0.244756 0.272309 0.303449 0.338834 
0.131732 0.145867 0.161589 0.179102 0.198645 0.220502 0.245015 0.272601 0.30378 0.339212 
0.131866 0.146016 0.161755 0.179287 0.198852 0.220734 0.245275 0.272894 0.304112 0.339591 
0.132001 0.146166 0.161921 0.179472 0.199059 0.220965 0.245535 0.273188 0.304445 0.33997 
0.132135 0.146315 0.162088 0.179658 0.199266 0.221197 0.245796 0.273481 0.304778 0.340349 
0.13227 0.146464 0.162254 0.179843 0.199473 0.221429 0.246056 0.273776 0.305111 0.340729 
0.132404 0.146614 0.162421 0.180029 0.199681 0.221662 0.246318 0.27407 0.305445 0.34111 
0.132539 0.146764 0.162587 0.180215 0.199888 0.221894 0.246579 0.274365 0.305779 0.341491 
0.132674 0.146914 0.162754 0.180401 0.200096 0.222127 0.246841 0.27466 0.306113 0.341873 
0.132809 0.147064 0.162922 0.180588 0.200305 0.222361 0.247103 0.274956 0.306448 0.342255 
0.132944 0.147214 0.163089 0.180774 0.200513 0.222594 0.247365 0.275252 0.306784 0.342637 
0.13308 0.147365 0.163256 0.180961 0.200722 0.222828 0.247628 0.275548 0.30712 0.34302 
0.133215 0.147516 0.163424 0.181148 0.200931 0.223062 0.247891 0.275845 0.307456 0.343404 
0.133351 0.147666 0.163592 0.181335 0.20114 0.223296 0.248154 0.276142 0.307793 0.343788 
0.133487 0.147817 0.16376 0.181523 0.201349 0.223531 0.248418 0.276439 0.30813 0.344173 
0.133623 0.147968 0.163928 0.18171 0.201559 0.223766 0.248682 0.276737 0.308468 0.344558 
0.133759 0.14812 0.164097 0.181898 0.201769 0.224001 0.248946 0.277035 0.308806 0.344944 
0.133895 0.148271 0.164265 0.182086 0.201979 0.224236 0.24921 0.277333 0.309144 0.34533 
0.134031 0.148423 0.164434 0.182274 0.202189 0.224472 0.249475 0.277632 0.309483 0.345717 
0.134168 0.148575 0.164603 0.182463 0.2024 0.224708 0.24974 0.277931 0.309822 0.346104 
0.134304 0.148727 0.164772 0.182651 0.202611 0.224944 0.250006 0.278231 0.310162 0.346492 
0.134441 0.148879 0.164942 0.18284 0.202822 0.22518 0.250272 0.278531 0.310502 0.34688 
0.134578 0.149031 0.165111 0.183029 0.203033 0.225417 0.250538 0.278831 0.310843 0.347269 
0.134715 0.149183 0.165281 0.183218 0.203244 0.225654 0.250804 0.279132 0.311184 0.347659 
0.134852 0.149336 0.165451 0.183408 0.203456 0.225891 0.251071 0.279433 0.311526 0.348049 
0.13499 0.149489 0.165621 0.183598 0.203668 0.226129 0.251338 0.279734 0.311868 0.348439 
0.135127 0.149642 0.165791 0.183787 0.20388 0.226367 0.251605 0.280036 0.31221 0.34883 
0.135265 0.149795 0.165961 0.183978 0.204093 0.226605 0.251873 0.280338 0.312553 0.349222 
0.135403 0.149948 0.166132 0.184168 0.204306 0.226843 0.252141 0.280641 0.312896 0.349614 
0.135541 0.150101 0.166303 0.184358 0.204519 0.227082 0.252409 0.280944 0.31324 0.350006 
0.135679 0.150255 0.166474 0.184549 0.204732 0.227321 0.252678 0.281247 0.313584 0.3504 
0.135817 0.150409 0.166645 0.18474 0.204945 0.22756 0.252947 0.281551 0.313929 0.350793 
0.135956 0.150562 0.166816 0.184931 0.205159 0.227799 0.253216 0.281855 0.314274 0.351187 
0.136094 0.150717 0.166988 0.185123 0.205373 0.228039 0.253486 0.282159 0.314619 0.351582 
0.136233 0.150871 0.16716 0.185314 0.205587 0.228279 0.253756 0.282464 0.314965 0.351978 
0.136372 0.151025 0.167332 0.185506 0.205801 0.22852 0.254026 0.282769 0.315312 0.352373 
0.136511 0.15118 0.167504 0.185698 0.206016 0.22876 0.254297 0.283075 0.315659 0.35277 
0.13665 0.151334 0.167676 0.18589 0.206231 0.229001 0.254567 0.283381 0.316006 0.353167 
0.136789 0.151489 0.167849 0.186083 0.206446 0.229242 0.254839 0.283687 0.316354 0.353564 
0.136928 0.151644 0.168021 0.186275 0.206661 0.229484 0.25511 0.283994 0.316702 0.353962 
0.137068 0.1518 0.168194 0.186468 0.206877 0.229725 0.255382 0.284301 0.317051 0.354361 
0.137208 0.151955 0.168367 0.186661 0.207093 0.229967 0.255654 0.284608 0.3174 0.35476 
0.137348 0.15211 0.16854 0.186854 0.207309 0.23021 0.255927 0.284916 0.31775 0.35516 
0.137488 0.152266 0.168714 0.187048 0.207525 0.230452 0.2562 0.285225 0.3181 0.35556 
0.137628 0.152422 0.168887 0.187242 0.207742 0.230695 0.256473 0.285533 0.31845 0.355961 
0.137768 0.152578 0.169061 0.187435 0.207959 0.230938 0.256746 0.285842 0.318801 0.356362 
0.137908 0.152734 0.169235 0.18763 0.208176 0.231181 0.25702 0.286152 0.319153 0.356764 
0.138049 0.152891 0.169409 0.187824 0.208393 0.231425 0.257294 0.286461 0.319504 0.357166 
0.13819 0.153047 0.169584 0.188019 0.208611 0.231669 0.257569 0.286771 0.319857 0.357569 
0.138331 0.153204 0.169758 0.188213 0.208828 0.231913 0.257844 0.287082 0.32021 0.357973 
0.138472 0.153361 0.169933 0.188408 0.209046 0.232158 0.258119 0.287393 0.320563 0.358377 
0.138613 0.153518 0.170108 0.188603 0.209265 0.232403 0.258394 0.287704 0.320917 0.358782 
0.138754 0.153675 0.170283 0.188799 0.209483 0.232648 0.25867 0.288016 0.321271 0.359187 
0.138896 0.153833 0.170458 0.188995 0.209702 0.232893 0.258946 0.288328 0.321625 0.359593 
0.139037 0.15399 0.170634 0.18919 0.209921 0.233139 0.259223 0.288641 0.321981 0.359999 
0.139179 0.154148 0.17081 0.189386 0.21014 0.233385 0.2595 0.288953 0.322336 0.360406 
0.139321 0.154306 0.170985 0.189583 0.21036 0.233631 0.259777 0.289267 0.322692 0.360814 
0.139463 0.154464 0.171162 0.189779 0.21058 0.233878 0.260054 0.28958 0.323049 0.361222 
0.139606 0.154622 0.171338 0.189976 0.2108 0.234124 0.260332 0.289894 0.323406 0.36163 
0.139748 0.15478 0.171514 0.190173 0.21102 0.234371 0.26061 0.290209 0.323763 0.36204 
0.139891 0.154939 0.171691 0.19037 0.211241 0.234619 0.260889 0.290524 0.324121 0.362449 
0.140033 0.155098 0.171868 0.190567 0.211461 0.234867 0.261167 0.290839 0.32448 0.36286 
0.140176 0.155257 0.172045 0.190765 0.211682 0.235115 0.261447 0.291155 0.324838 0.363271 
0.140319 0.155416 0.172222 0.190963 0.211904 0.235363 0.261726 0.291471 0.325198 0.363682 
0.140462 0.155575 0.172399 0.191161 0.212125 0.235611 0.262006 0.291787 0.325558 0.364094 
0.140606 0.155734 0.172577 0.191359 0.212347 0.23586 0.262286 0.292104 0.325918 0.364507 
0.140749 0.155894 0.172755 0.191558 0.212569 0.236109 0.262567 0.292421 0.326279 0.36492 
0.140893 0.156054 0.172933 0.191756 0.212791 0.236359 0.262847 0.292739 0.32664 0.365334 
0.141036 0.156214 0.173111 0.191955 0.213014 0.236608 0.263129 0.293057 0.327002 0.365748 
0.14118 0.156374 0.17329 0.192154 0.213237 0.236858 0.26341 0.293375 0.327364 0.366163 
0.141324 0.156534 0.173468 0.192354 0.21346 0.237109 0.263692 0.293694 0.327727 0.366579 
0.141469 0.156695 0.173647 0.192553 0.213683 0.237359 0.263974 0.294013 0.32809 0.366995 
0.141613 0.156855 0.173826 0.192753 0.213907 0.23761 0.264257 0.294333 0.328453 0.367412 
0.141758 0.157016 0.174005 0.192953 0.214131 0.237861 0.26454 0.294653 0.328818 0.367829 
0.141902 0.157177 0.174184 0.193153 0.214355 0.238113 0.264823 0.294973 0.329182 0.368247 
0.142047 0.157338 0.174364 0.193354 0.214579 0.238365 0.265106 0.295294 0.329547 0.368665 
0.142192 0.157499 0.174544 0.193555 0.214804 0.238617 0.26539 0.295616 0.329913 0.369084 
0.142337 0.157661 0.174724 0.193755 0.215028 0.238869 0.265674 0.295937 0.330279 0.369504 
0.142482 0.157823 0.174904 0.193957 0.215254 0.239122 0.265959 0.296259 0.330645 0.369924 
0.142628 0.157984 0.175084 0.194158 0.215479 0.239375 0.266244 0.296582 0.331012 0.370345 
0.142774 0.158146 0.175265 0.19436 0.215704 0.239628 0.266529 0.296905 0.33138 0.370766 
0.142919 0.158309 0.175446 0.194561 0.21593 0.239881 0.266815 0.297228 0.331748 0.371189 
0.143065 0.158471 0.175626 0.194763 0.216156 0.240135 0.267101 0.297552 0.332117 0.371611 
0.143211 0.158634 0.175808 0.194966 0.216383 0.240389 0.267387 0.297876 0.332486 0.372034 
0.143358 0.158796 0.175989 0.195168 0.21661 0.240644 0.267674 0.2982 0.332855 0.372458 
0.143504 0.158959 0.17617 0.195371 0.216836 0.240898 0.267961 0.298525 0.333225 0.372883 
0.14365 0.159122 0.176352 0.195574 0.217064 0.241153 0.268248 0.29885 0.333595 0.373308 
0.143797 0.159285 0.176534 0.195777 0.217291 0.241409 0.268536 0.299176 0.333966 0.373733 
0.143944 0.159449 0.176716 0.19598 0.217519 0.241664 0.268824 0.299502 0.334338 0.37416 
0.144091 0.159612 0.176899 0.196184 0.217747 0.24192 0.269113 0.299829 0.33471 0.374586 
0.144238 0.159776 0.177081 0.196388 0.217975 0.242177 0.269401 0.300156 0.335082 0.375014 
0.144385 0.15994 0.177264 0.196592 0.218203 0.242433 0.26969 0.300483 0.335455 0.375442 
0.144533 0.160104 0.177447 0.196796 0.218432 0.24269 0.26998 0.300811 0.335829 0.375871 
0.144681 0.160269 0.17763 0.197001 0.218661 0.242947 0.27027 0.301139 0.336203 0.3763 
0.144828 0.160433 0.177813 0.197206 0.21889 0.243205 0.27056 0.301468 0.336577 0.37673 
0.144976 0.160598 0.177997 0.197411 0.21912 0.243462 0.270851 0.301797 0.336952 0.37716 
0.145124 0.160763 0.178181 0.197616 0.21935 0.24372 0.271141 0.302127 0.337328 0.377591 
0.145273 0.160928 0.178365 0.197821 0.21958 0.243979 0.271433 0.302456 0.337704 0.378023 
0.145421 0.161093 0.178549 0.198027 0.21981 0.244237 0.271724 0.302787 0.33808 0.378455 
0.14557 0.161258 0.178733 0.198233 0.22004 0.244496 0.272016 0.303118 0.338457 0.378888 
0.145718 0.161424 0.178918 0.198439 0.220271 0.244756 0.272309 0.303449 0.338834 0.379322 
0.145867 0.161589 0.179102 0.198645 0.220502 0.245015 0.272601 0.30378 0.339212 0.379756 
0.146016 0.161755 0.179287 0.198852 0.220734 0.245275 0.272894 0.304112 0.339591 0.380191 
0.146166 0.161921 0.179472 0.199059 0.220965 0.245535 0.273188 0.304445 0.33997 0.380627 
0.146315 0.162088 0.179658 0.199266 0.221197 0.245796 0.273481 0.304778 0.340349 0.381063 
0.146464 0.162254 0.179843 0.199473 0.221429 0.246056 0.273776 0.305111 0.340729 0.381499 
0.146614 0.162421 0.180029 0.199681 0.221662 0.246318 0.27407 0.305445 0.34111 0.381937 
0.146764 0.162587 0.180215 0.199888 0.221894 0.246579 0.274365 0.305779 0.341491 0.382375 
0.146914 0.162754 0.180401 0.200096 0.222127 0.246841 0.27466 0.306113 0.341873 0.382813 
0.147064 0.162922 0.180588 0.200305 0.222361 0.247103 0.274956 0.306448 0.342255 0.383252 
0.147214 0.163089 0.180774 0.200513 0.222594 0.247365 0.275252 0.306784 0.342637 0.383692 
0.147365 0.163256 0.180961 0.200722 0.222828 0.247628 0.275548 0.30712 0.34302 0.384133 
0.147516 0.163424 0.181148 0.200931 0.223062 0.247891 0.275845 0.307456 0.343404 0.384574 
0.147666 0.163592 0.181335 0.20114 0.223296 0.248154 0.276142 0.307793 0.343788 0.385016 
0.147817 0.16376 0.181523 0.201349 0.223531 0.248418 0.276439 0.30813 0.344173 0.385458 
0.147968 0.163928 0.18171 0.201559 0.223766 0.248682 0.276737 0.308468 0.344558 0.385901 
0.14812 0.164097 0.181898 0.201769 0.224001 0.248946 0.277035 0.308806 0.344944 0.386345 
0.148271 0.164265 0.182086 0.201979 0.224236 0.24921 0.277333 0.309144 0.34533 0.386789 
0.148423 0.164434 0.182274 0.202189 0.224472 0.249475 0.277632 0.309483 0.345717 0.387234 
0.148575 0.164603 0.182463 0.2024 0.224708 0.24974 0.277931 0.309822 0.346104 0.38768 
0.148727 0.164772 0.182651 0.202611 0.224944 0.250006 0.278231 0.310162 0.346492 0.388126 
0.148879 0.164942 0.18284 0.202822 0.22518 0.250272 0.278531 0.310502 0.34688 0.388573 
0.149031 0.165111 0.183029 0.203033 0.225417 0.250538 0.278831 0.310843 0.347269 0.389021 
0.149183 0.165281 0.183218 0.203244 0.225654 0.250804 0.279132 0.311184 0.347659 0.389469 
0.149336 0.165451 0.183408 0.203456 0.225891 0.251071 0.279433 0.311526 0.348049 0.389918 
0.149489 0.165621 0.183598 0.203668 0.226129 0.251338 0.279734 0.311868 0.348439 0.390367 
0.149642 0.165791 0.183787 0.20388 0.226367 0.251605 0.280036 0.31221 0.34883 0.390817 
0.149795 0.165961 0.183978 0.204093 0.226605 0.251873 0.280338 0.312553 0.349222 0.391268 
0.149948 0.166132 0.184168 0.204306 0.226843 0.252141 0.280641 0.312896 0.349614 0.39172 
0.150101 0.166303 0.184358 0.204519 0.227082 0.252409 0.280944 0.31324 0.350006 0.392172 
0.150255 0.166474 0.184549 0.204732 0.227321 0.252678 0.281247 0.313584 0.3504 0.392625 
0.150409 0.166645 0.18474 0.204945 0.22756 0.252947 0.281551 0.313929 0.350793 0.393078 
0.150562 0.166816 0.184931 0.205159 0.227799 0.253216 0.281855 0.314274 0.351187 0.393532 
0.150717 0.166988 0.185123 0.205373 0.228039 0.253486 0.282159 0.314619 0.351582 0.393987 
0.150871 0.16716 0.185314 0.205587 0.228279 0.253756 0.282464 0.314965 0.351978 0.394443 
0.151025 0.167332 0.185506 0.205801 0.22852 0.254026 0.282769 0.315312 0.352373 0.394899 
0.15118 0.167504 0.185698 0.206016 0.22876 0.254297 0.283075 0.315659 0.35277 0.395356 
0.151334 0.167676 0.18589 0.206231 0.229001 0.254567 0.283381 0.316006 0.353167 0.395813 
0.151489 0.167849 0.186083 0.206446 0.229242 0.254839 0.283687 0.316354 0.353564 0.396271 
0.151644 0.168021 0.186275 0.206661 0.229484 0.25511 0.283994 0.316702 0.353962 0.39673 
0.1518 0.168194 0.186468 0.206877 0.229725 0.255382 0.284301 0.317051 0.354361 0.39719 
0.151955 0.168367 0.186661 0.207093 0.229967 0.255654 0.284608 0.3174 0.35476 0.39765 
0.15211 0.16854 0.186854 0.207309 0.23021 0.255927 0.284916 0.31775 0.35516 0.398111 
0.152266 0.168714 0.187048 0.207525 0.230452 0.2562 0.285225 0.3181 0.35556 0.398572 
0.152422 0.168887 0.187242 0.207742 0.230695 0.256473 0.285533 0.31845 0.355961 0.399034 
0.152578 0.169061 0.187435 0.207959 0.230938 0.256746 0.285842 0.318801 0.356362 0.399497 
0.152734 0.169235 0.18763 0.208176 0.231181 0.25702 0.286152 0.319153 0.356764 0.399961 
0.152891 0.169409 0.187824 0.208393 0.231425 0.257294 0.286461 0.319504 0.357166 0.400425 
0.153047 0.169584 0.188019 0.208611 0.231669 0.257569 0.286771 0.319857 0.357569 0.40089 
0.153204 0.169758 0.188213 0.208828 0.231913 0.257844 0.287082 0.32021 0.357973 0.401356 
0.153361 0.169933 0.188408 0.209046 0.232158 0.258119 0.287393 0.320563 0.358377 0.401822 
0.153518 0.170108 0.188603 0.209265 0.232403 0.258394 0.287704 0.320917 0.358782 0.402289 
0.153675 0.170283 0.188799 0.209483 0.232648 0.25867 0.288016 0.321271 0.359187 0.402757 
0.153833 0.170458 0.188995 0.209702 0.232893 0.258946 0.288328 0.321625 0.359593 0.403225 
0.15399 0.170634 0.18919 0.209921 0.233139 0.259223 0.288641 0.321981 0.359999 0.403694 
0.154148 0.17081 0.189386 0.21014 0.233385 0.2595 0.288953 0.322336 0.360406 0.404164 
0.154306 0.170985 0.189583 0.21036 0.233631 0.259777 0.289267 0.322692 0.360814 0.404635 
0.154464 0.171162 0.189779 0.21058 0.233878 0.260054 0.28958 0.323049 0.361222 0.405106 
0.154622 0.171338 0.189976 0.2108 0.234124 0.260332 0.289894 0.323406 0.36163 0.405578 
0.15478 0.171514 0.190173 0.21102 0.234371 0.26061 0.290209 0.323763 0.36204 0.406051 
0.154939 0.171691 0.19037 0.211241 0.234619 0.260889 0.290524 0.324121 0.362449 0.406524 
0.155098 0.171868 0.190567 0.211461 0.234867 0.261167 0.290839 0.32448 0.36286 0.406998 
0.155257 0.172045 0.190765 0.211682 0.235115 0.261447 0.291155 0.324838 0.363271 0.407473 
0.155416 0.172222 0.190963 0.211904 0.235363 0.261726 0.291471 0.325198 0.363682 0.407948 
0.155575 0.172399 0.191161 0.212125 0.235611 0.262006 0.291787 0.325558 0.364094 0.408425 
0.155734 0.172577 0.191359 0.212347 0.23586 0.262286 0.292104 0.325918 0.364507 0.408901 
0.155894 0.172755 0.191558 0.212569 0.236109 0.262567 0.292421 0.326279 0.36492 0.409379 
0.156054 0.172933 0.191756 0.212791 0.236359 0.262847 0.292739 0.32664 0.365334 0.409857 
0.156214 0.173111 0.191955 0.213014 0.236608 0.263129 0.293057 0.327002 0.365748 0.410337 
0.156374 0.17329 0.192154 0.213237 0.236858 0.26341 0.293375 0.327364 0.366163 0.410816 
0.156534 0.173468 0.192354 0.21346 0.237109 0.263692 0.293694 0.327727 0.366579 0.411297 
0.156695 0.173647 0.192553 0.213683 0.237359 0.263974 0.294013 0.32809 0.366995 0.411778 
0.156855 0.173826 0.192753 0.213907 0.23761 0.264257 0.294333 0.328453 0.367412 0.41226 
0.157016 0.174005 0.192953 0.214131 0.237861 0.26454 0.294653 0.328818 0.367829 0.412743 
0.157177 0.174184 0.193153 0.214355 0.238113 0.264823 0.294973 0.329182 0.368247 0.413226 
0.157338 0.174364 0.193354 0.214579 0.238365 0.265106 0.295294 0.329547 0.368665 0.41371 
0.157499 0.174544 0.193555 0.214804 0.238617 0.26539 0.295616 0.329913 0.369084 0.414195 
0.157661 0.174724 0.193755 0.215028 0.238869 0.265674 0.295937 0.330279 0.369504 0.414681 
0.157823 0.174904 0.193957 0.215254 0.239122 0.265959 0.296259 0.330645 0.369924 0.415167 
0.157984 0.175084 0.194158 0.215479 0.239375 0.266244 0.296582 0.331012 0.370345 0.415654 
0.158146 0.175265 0.19436 0.215704 0.239628 0.266529 0.296905 0.33138 0.370766 0.416142 
0.158309 0.175446 0.194561 0.21593 0.239881 0.266815 0.297228 0.331748 0.371189 0.416631 
0.158471 0.175626 0.194763 0.216156 0.240135 0.267101 0.297552 0.332117 0.371611 0.41712 
0.158634 0.175808 0.194966 0.216383 0.240389 0.267387 0.297876 0.332486 0.372034 0.41761 
0.158796 0.175989 0.195168 0.21661 0.240644 0.267674 0.2982 0.332855 0.372458 0.418101 
0.158959 0.17617 0.195371 0.216836 0.240898 0.267961 0.298525 0.333225 0.372883 0.418592 
0.159122 0.176352 0.195574 0.217064 0.241153 0.268248 0.29885 0.333595 0.373308 0.419085 
0.159285 0.176534 0.195777 0.217291 0.241409 0.268536 0.299176 0.333966 0.373733 0.419578 
0.159449 0.176716 0.19598 0.217519 0.241664 0.268824 0.299502 0.334338 0.37416 0.420072 
0.159612 0.176899 0.196184 0.217747 0.24192 0.269113 0.299829 0.33471 0.374586 0.420566 
0.159776 0.177081 0.196388 0.217975 0.242177 0.269401 0.300156 0.335082 0.375014 0.421062 
0.15994 0.177264 0.196592 0.218203 0.242433 0.26969 0.300483 0.335455 0.375442 0.421558 
0.160104 0.177447 0.196796 0.218432 0.24269 0.26998 0.300811 0.335829 0.375871 0.422054 
0.160269 0.17763 0.197001 0.218661 0.242947 0.27027 0.301139 0.336203 0.3763 0.422552 
0.160433 0.177813 0.197206 0.21889 0.243205 0.27056 0.301468 0.336577 0.37673 0.42305 
0.160598 0.177997 0.197411 0.21912 0.243462 0.270851 0.301797 0.336952 0.37716 0.42355 
0.160763 0.178181 0.197616 0.21935 0.24372 0.271141 0.302127 0.337328 0.377591 0.42405 
0.160928 0.178365 0.197821 0.21958 0.243979 0.271433 0.302456 0.337704 0.378023 0.42455 
0.161093 0.178549 0.198027 0.21981 0.244237 0.271724 0.302787 0.33808 0.378455 0.425052 
0.161258 0.178733 0.198233 0.22004 0.244496 0.272016 0.303118 0.338457 0.378888 0.425554 
0.161424 0.178918 0.198439 0.220271 0.244756 0.272309 0.303449 0.338834 0.379322 0.426057 
0.161589 0.179102 0.198645 0.220502 0.245015 0.272601 0.30378 0.339212 0.379756 0.426561 
0.161755 0.179287 0.198852 0.220734 0.245275 0.272894 0.304112 0.339591 0.380191 0.427065 
0.161921 0.179472 0.199059 0.220965 0.245535 0.273188 0.304445 0.33997 0.380627 0.427571 
0.162088 0.179658 0.199266 0.221197 0.245796 0.273481 0.304778 0.340349 0.381063 0.428077 
0.162254 0.179843 0.199473 0.221429 0.246056 0.273776 0.305111 0.340729 0.381499 0.428584 
0.162421 0.180029 0.199681 0.221662 0.246318 0.27407 0.305445 0.34111 0.381937 0.429091 
0.162587 0.180215 0.199888 0.221894 0.246579 0.274365 0.305779 0.341491 0.382375 0.4296 
0.162754 0.180401 0.200096 0.222127 0.246841 0.27466 0.306113 0.341873 0.382813 0.430109 
0.162922 0.180588 0.200305 0.222361 0.247103 0.274956 0.306448 0.342255 0.383252 0.430619 
0.163089 0.180774 0.200513 0.222594 0.247365 0.275252 0.306784 0.342637 0.383692 0.43113 
0.163256 0.180961 0.200722 0.222828 0.247628 0.275548 0.30712 0.34302 0.384133 0.431642 
0.163424 0.181148 0.200931 0.223062 0.247891 0.275845 0.307456 0.343404 0.384574 0.432154 
0.163592 0.181335 0.20114 0.223296 0.248154 0.276142 0.307793 0.343788 0.385016 0.432667 
0.16376 0.181523 0.201349 0.223531 0.248418 0.276439 0.30813 0.344173 0.385458 0.433182 
0.163928 0.18171 0.201559 0.223766 0.248682 0.276737 0.308468 0.344558 0.385901 0.433696 
0.164097 0.181898 0.201769 0.224001 0.248946 0.277035 0.308806 0.344944 0.386345 0.434212 
0.164265 0.182086 0.201979 0.224236 0.24921 0.277333 0.309144 0.34533 0.386789 0.434729 
0.164434 0.182274 0.202189 0.224472 0.249475 0.277632 0.309483 0.345717 0.387234 0.435246 
0.164603 0.182463 0.2024 0.224708 0.24974 0.277931 0.309822 0.346104 0.38768 0.435764 
0.164772 0.182651 0.202611 0.224944 0.250006 0.278231 0.310162 0.346492 0.388126 0.436283 
0.164942 0.18284 0.202822 0.22518 0.250272 0.278531 0.310502 0.34688 0.388573 0.436803 
0.165111 0.183029 0.203033 0.225417 0.250538 0.278831 0.310843 0.347269 0.389021 0.437323 
0.165281 0.183218 0.203244 0.225654 0.250804 0.279132 0.311184 0.347659 0.389469 0.437845 
0.165451 0.183408 0.203456 0.225891 0.251071 0.279433 0.311526 0.348049 0.389918 0.438367 
0.165621 0.183598 0.203668 0.226129 0.251338 0.279734 0.311868 0.348439 0.390367 0.43889 
0.165791 0.183787 0.20388 0.226367 0.251605 0.280036 0.31221 0.34883 0.390817 0.439414 
0.165961 0.183978 0.204093 0.226605 0.251873 0.280338 0.312553 0.349222 0.391268 0.439938 
0.166132 0.184168 0.204306 0.226843 0.252141 0.280641 0.312896 0.349614 0.39172 0.440464 
0.166303 0.184358 0.204519 0.227082 0.252409 0.280944 0.31324 0.350006 0.392172 0.44099 
0.166474 0.184549 0.204732 0.227321 0.252678 0.281247 0.313584 0.3504 0.392625 0.441517 
0.166645 0.18474 0.204945 0.22756 0.252947 0.281551 0.313929 0.350793 0.393078 0.442045 
0.166816 0.184931 0.205159 0.227799 0.253216 0.281855 0.314274 0.351187 0.393532 0.442574 
0.166988 0.185123 0.205373 0.228039 0.253486 0.282159 0.314619 0.351582 0.393987 0.443104 
0.16716 0.185314 0.205587 0.228279 0.253756 0.282464 0.314965 0.351978 0.394443 0.443634 
0.167332 0.185506 0.205801 0.22852 0.254026 0.282769 0.315312 0.352373 0.394899 0.444166 
0.167504 0.185698 0.206016 0.22876 0.254297 0.283075 0.315659 0.35277 0.395356 0.444698 
0.167676 0.18589 0.206231 0.229001 0.254567 0.283381 0.316006 0.353167 0.395813 0.445231 
0.167849 0.186083 0.206446 0.229242 0.254839 0.283687 0.316354 0.353564 0.396271 0.445765 
0.168021 0.186275 0.206661 0.229484 0.25511 0.283994 0.316702 0.353962 0.39673 0.4463 
0.168194 0.186468 0.206877 0.229725 0.255382 0.284301 0.317051 0.354361 0.39719 0.446835 
0.168367 0.186661 0.207093 0.229967 0.255654 0.284608 0.3174 0.35476 0.39765 0.447372 
0.16854 0.186854 0.207309 0.23021 0.255927 0.284916 0.31775 0.35516 0.398111 0.447909 
0.168714 0.187048 0.207525 0.230452 0.2562 0.285225 0.3181 0.35556 0.398572 0.448447 
0.168887 0.187242 0.207742 0.230695 0.256473 0.285533 0.31845 0.355961 0.399034 0.448986 
0.169061 0.187435 0.207959 0.230938 0.256746 0.285842 0.318801 0.356362 0.399497 0.449526 
0.169235 0.18763 0.208176 0.231181 0.25702 0.286152 0.319153 0.356764 0.399961 0.450067 
0.169409 0.187824 0.208393 0.231425 0.257294 0.286461 0.319504 0.357166 0.400425 0.450609 
0.169584 0.188019 0.208611 0.231669 0.257569 0.286771 0.319857 0.357569 0.40089 0.451151 
0.169758 0.188213 0.208828 0.231913 0.257844 0.287082 0.32021 0.357973 0.401356 0.451695 
0.169933 0.188408 0.209046 0.232158 0.258119 0.287393 0.320563 0.358377 0.401822 0.452239 
0.170108 0.188603 0.209265 0.232403 0.258394 0.287704 0.320917 0.358782 0.402289 0.452784 
0.170283 0.188799 0.209483 0.232648 0.25867 0.288016 0.321271 0.359187 0.402757 0.45333 
0.170458 0.188995 0.209702 0.232893 0.258946 0.288328 0.321625 0.359593 0.403225 0.453877 
0.170634 0.18919 0.209921 0.233139 0.259223 0.288641 0.321981 0.359999 0.403694 0.454425 
0.17081 0.189386 0.21014 0.233385 0.2595 0.288953 0.322336 0.360406 0.404164 0.454974 
0.170985 0.189583 0.21036 0.233631 0.259777 0.289267 0.322692 0.360814 0.404635 0.455523 
0.171162 0.189779 0.21058 0.233878 0.260054 0.28958 0.323049 0.361222 0.405106 0.456074 
0.171338 0.189976 0.2108 0.234124 0.260332 0.289894 0.323406 0.36163 0.405578 0.456625 
0.171514 0.190173 0.21102 0.234371 0.26061 0.290209 0.323763 0.36204 0.406051 0.457177 
0.171691 0.19037 0.211241 0.234619 0.260889 0.290524 0.324121 0.362449 0.406524 0.457731 
0.171868 0.190567 0.211461 0.234867 0.261167 0.290839 0.32448 0.36286 0.406998 0.458285 
0.172045 0.190765 0.211682 0.235115 0.261447 0.291155 0.324838 0.363271 0.407473 0.45884 
0.172222 0.190963 0.211904 0.235363 0.261726 0.291471 0.325198 0.363682 0.407948 0.459396 
0.172399 0.191161 0.212125 0.235611 0.262006 0.291787 0.325558 0.364094 0.408425 0.459952 
0.172577 0.191359 0.212347 0.23586 0.262286 0.292104 0.325918 0.364507 0.408901 0.46051 
0.172755 0.191558 0.212569 0.236109 0.262567 0.292421 0.326279 0.36492 0.409379 0.461069 
0.172933 0.191756 0.212791 0.236359 0.262847 0.292739 0.32664 0.365334 0.409857 0.461628 
0.173111 0.191955 0.213014 0.236608 0.263129 0.293057 0.327002 0.365748 0.410337 0.462189 
0.17329 0.192154 0.213237 0.236858 0.26341 0.293375 0.327364 0.366163 0.410816 0.46275 
0.173468 0.192354 0.21346 0.237109 0.263692 0.293694 0.327727 0.366579 0.411297 0.463312 
0.173647 0.192553 0.213683 0.237359 0.263974 0.294013 0.32809 0.366995 0.411778 0.463876 
0.173826 0.192753 0.213907 0.23761 0.264257 0.294333 0.328453 0.367412 0.41226 0.46444 
0.174005 0.192953 0.214131 0.237861 0.26454 0.294653 0.328818 0.367829 0.412743 0.465005 
0.174184 0.193153 0.214355 0.238113 0.264823 0.294973 0.329182 0.368247 0.413226 0.465571 
0.174364 0.193354 0.214579 0.238365 0.265106 0.295294 0.329547 0.368665 0.41371 0.466138 
0.174544 0.193555 0.214804 0.238617 0.26539 0.295616 0.329913 0.369084 0.414195 0.466706 
0.174724 0.193755 0.215028 0.238869 0.265674 0.295937 0.330279 0.369504 0.414681 0.467275 
0.174904 0.193957 0.215254 0.239122 0.265959 0.296259 0.330645 0.369924 0.415167 0.467844 
0.175084 0.194158 0.215479 0.239375 0.266244 0.296582 0.331012 0.370345 0.415654 0.468415 
0.175265 0.19436 0.215704 0.239628 0.266529 0.296905 0.33138 0.370766 0.416142 0.468987 
0.175446 0.194561 0.21593 0.239881 0.266815 0.297228 0.331748 0.371189 0.416631 0.469559 
0.175626 0.194763 0.216156 0.240135 0.267101 0.297552 0.332117 0.371611 0.41712 0.470133 
0.175808 0.194966 0.216383 0.240389 0.267387 0.297876 0.332486 0.372034 0.41761 0.470707 
0.175989 0.195168 0.21661 0.240644 0.267674 0.2982 0.332855 0.372458 0.418101 0.471283 
0.17617 0.195371 0.216836 0.240898 0.267961 0.298525 0.333225 0.372883 0.418592 0.471859 
0.176352 0.195574 0.217064 0.241153 0.268248 0.29885 0.333595 0.373308 0.419085 0.472437 
0.176534 0.195777 0.217291 0.241409 0.268536 0.299176 0.333966 0.373733 0.419578 0.473015 
0.176716 0.19598 0.217519 0.241664 0.268824 0.299502 0.334338 0.37416 0.420072 0.473594 
0.176899 0.196184 0.217747 0.24192 0.269113 0.299829 0.33471 0.374586 0.420566 0.474175 
0.177081 0.196388 0.217975 0.242177 0.269401 0.300156 0.335082 0.375014 0.421062 0.474756 
0.177264 0.196592 0.218203 0.242433 0.26969 0.300483 0.335455 0.375442 0.421558 0.475338 
0.177447 0.196796 0.218432 0.24269 0.26998 0.300811 0.335829 0.375871 0.422054 0.475922 
0.17763 0.197001 0.218661 0.242947 0.27027 0.301139 0.336203 0.3763 0.422552 0.476506 
0.177813 0.197206 0.21889 0.243205 0.27056 0.301468 0.336577 0.37673 0.42305 0.477091 
0.177997 0.197411 0.21912 0.243462 0.270851 0.301797 0.336952 0.37716 0.42355 0.477677 
0.178181 0.197616 0.21935 0.24372 0.271141 0.302127 0.337328 0.377591 0.42405 0.478264 
0.178365 0.197821 0.21958 0.243979 0.271433 0.302456 0.337704 0.378023 0.42455 0.478852 
0.178549 0.198027 0.21981 0.244237 0.271724 0.302787 0.33808 0.378455 0.425052 0.479442 
0.178733 0.198233 0.22004 0.244496 0.272016 0.303118 0.338457 0.378888 0.425554 0.480032 
0.178918 0.198439 0.220271 0.244756 0.272309 0.303449 0.338834 0.379322 0.426057 0.480623 
0.179102 0.198645 0.220502 0.245015 0.272601 0.30378 0.339212 0.379756 0.426561 0.481215 
0.179287 0.198852 0.220734 0.245275 0.272894 0.304112 0.339591 0.380191 0.427065 0.481808 
0.179472 0.199059 0.220965 0.245535 0.273188 0.304445 0.33997 0.380627 0.427571 0.482402 
0.179658 0.199266 0.221197 0.245796 0.273481 0.304778 0.340349 0.381063 0.428077 0.482998 
0.179843 0.199473 0.221429 0.246056 0.273776 0.305111 0.340729 0.381499 0.428584 0.483594 
0.180029 0.199681 0.221662 0.246318 0.27407 0.305445 0.34111 0.381937 0.429091 0.484191 
0.180215 0.199888 0.221894 0.246579 0.274365 0.305779 0.341491 0.382375 0.4296 0.484789 
0.180401 0.200096 0.222127 0.246841 0.27466 0.306113 0.341873 0.382813 0.430109 0.485388 
0.180588 0.200305 0.222361 0.247103 0.274956 0.306448 0.342255 0.383252 0.430619 0.485989 
0.180774 0.200513 0.222594 0.247365 0.275252 0.306784 0.342637 0.383692 0.43113 0.48659 
0.180961 0.200722 0.222828 0.247628 0.275548 0.30712 0.34302 0.384133 0.431642 0.487192 
0.181148 0.200931 0.223062 0.247891 0.275845 0.307456 0.343404 0.384574 0.432154 0.487796 
0.181335 0.20114 0.223296 0.248154 0.276142 0.307793 0.343788 0.385016 0.432667 0.4884 
0.181523 0.201349 0.223531 0.248418 0.276439 0.30813 0.344173 0.385458 0.433182 0.489005 
0.18171 0.201559 0.223766 0.248682 0.276737 0.308468 0.344558 0.385901 0.433696 0.489612 
0.181898 0.201769 0.224001 0.248946 0.277035 0.308806 0.344944 0.386345 0.434212 0.490219 
0.182086 0.201979 0.224236 0.24921 0.277333 0.309144 0.34533 0.386789 0.434729 0.490828 
0.182274 0.202189 0.224472 0.249475 0.277632 0.309483 0.345717 0.387234 0.435246 0.491437 
0.182463 0.2024 0.224708 0.24974 0.277931 0.309822 0.346104 0.38768 0.435764 0.492048 
0.182651 0.202611 0.224944 0.250006 0.278231 0.310162 0.346492 0.388126 0.436283 0.49266 
0.18284 0.202822 0.22518 0.250272 0.278531 0.310502 0.34688 0.388573 0.436803 0.493273 
0.183029 0.203033 0.225417 0.250538 0.278831 0.310843 0.347269 0.389021 0.437323 0.493886 
0.183218 0.203244 0.225654 0.250804 0.279132 0.311184 0.347659 0.389469 0.437845 0.494501 
0.183408 0.203456 0.225891 0.251071 0.279433 0.311526 0.348049 0.389918 0.438367 0.495117 
0.183598 0.203668 0.226129 0.251338 0.279734 0.311868 0.348439 0.390367 0.43889 0.495734 
0.183787 0.20388 0.226367 0.251605 0.280036 0.31221 0.34883 0.390817 0.439414 0.496352 
0.183978 0.204093 0.226605 0.251873 0.280338 0.312553 0.349222 0.391268 0.439938 0.496972 
0.184168 0.204306 0.226843 0.252141 0.280641 0.312896 0.349614 0.39172 0.440464 0.497592 
0.184358 0.204519 0.227082 0.252409 0.280944 0.31324 0.350006 0.392172 0.44099 0.498213 
0.184549 0.204732 0.227321 0.252678 0.281247 0.313584 0.3504 0.392625 0.441517 0.498836 
0.18474 0.204945 0.22756 0.252947 0.281551 0.313929 0.350793 0.393078 0.442045 0.499459 
0.184931 0.205159 0.227799 0.253216 0.281855 0.314274 0.351187 0.393532 0.442574 0.500084 
0.185123 0.205373 0.228039 0.253486 0.282159 0.314619 0.351582 0.393987 0.443104 0.500709 
0.185314 0.205587 0.228279 0.253756 0.282464 0.314965 0.351978 0.394443 0.443634 0.501336 
0.185506 0.205801 0.22852 0.254026 0.282769 0.315312 0.352373 0.394899 0.444166 0.501964 
0.185698 0.206016 0.22876 0.254297 0.283075 0.315659 0.35277 0.395356 0.444698 0.502593 
0.18589 0.206231 0.229001 0.254567 0.283381 0.316006 0.353167 0.395813 0.445231 0.503223 
0.186083 0.206446 0.229242 0.254839 0.283687 0.316354 0.353564 0.396271 0.445765 0.503854 
0.186275 0.206661 0.229484 0.25511 0.283994 0.316702 0.353962 0.39673 0.4463 0.504487 
0.186468 0.206877 0.229725 0.255382 0.284301 0.317051 0.354361 0.39719 0.446835 0.50512 
0.186661 0.207093 0.229967 0.255654 0.284608 0.3174 0.35476 0.39765 0.447372 0.505755 
0.186854 0.207309 0.23021 0.255927 0.284916 0.31775 0.35516 0.398111 0.447909 0.50639 
0.187048 0.207525 0.230452 0.2562 0.285225 0.3181 0.35556 0.398572 0.448447 0.507027 
0.187242 0.207742 0.230695 0.256473 0.285533 0.31845 0.355961 0.399034 0.448986 0.507665 
0.187435 0.207959 0.230938 0.256746 0.285842 0.318801 0.356362 0.399497 0.449526 0.508304 
0.18763 0.208176 0.231181 0.25702 0.286152 0.319153 0.356764 0.399961 0.450067 0.508944 
0.187824 0.208393 0.231425 0.257294 0.286461 0.319504 0.357166 0.400425 0.450609 0.509586 
0.188019 0.208611 0.231669 0.257569 0.286771 0.319857 0.357569 0.40089 0.451151 0.510228 
0.188213 0.208828 0.231913 0.257844 0.287082 0.32021 0.357973 0.401356 0.451695 0.510872 
0.188408 0.209046 0.232158 0.258119 0.287393 0.320563 0.358377 0.401822 0.452239 0.511517 
0.188603 0.209265 0.232403 0.258394 0.287704 0.320917 0.358782 0.402289 0.452784 0.512163 
0.188799 0.209483 0.232648 0.25867 0.288016 0.321271 0.359187 0.402757 0.45333 0.51281 
0.188995 0.209702 0.232893 0.258946 0.288328 0.321625 0.359593 0.403225 0.453877 0.513458 
0.18919 0.209921 0.233139 0.259223 0.288641 0.321981 0.359999 0.403694 0.454425 0.514107 
0.189386 0.21014 0.233385 0.2595 0.288953 0.322336 0.360406 0.404164 0.454974 0.514758 
0.189583 0.21036 0.233631 0.259777 0.289267 0.322692 0.360814 0.404635 0.455523 0.51541 
0.189779 0.21058 0.233878 0.260054 0.28958 0.323049 0.361222 0.405106 0.456074 0.516063 
0.189976 0.2108 0.234124 0.260332 0.289894 0.323406 0.36163 0.405578 0.456625 0.516717 
0.190173 0.21102 0.234371 0.26061 0.290209 0.323763 0.36204 0.406051 0.457177 0.517372 
0.19037 0.211241 0.234619 0.260889 0.290524 0.324121 0.362449 0.406524 0.457731 0.518028 
0.190567 0.211461 0.234867 0.261167 0.290839 0.32448 0.36286 0.406998 0.458285 0.518686 
0.190765 0.211682 0.235115 0.261447 0.291155 0.324838 0.363271 0.407473 0.45884 0.519345 
0.190963 0.211904 0.235363 0.261726 0.291471 0.325198 0.363682 0.407948 0.459396 0.520005 
0.191161 0.212125 0.235611 0.262006 0.291787 0.325558 0.364094 0.408425 0.459952 0.520666 
0.191359 0.212347 0.23586 0.262286 0.292104 0.325918 0.364507 0.408901 0.46051 0.521328 
0.191558 0.212569 0.236109 0.262567 0.292421 0.326279 0.36492 0.409379 0.461069 0.521992 
0.191756 0.212791 0.236359 0.262847 0.292739 0.32664 0.365334 0.409857 0.461628 0.522657 
0.191955 0.213014 0.236608 0.263129 0.293057 0.327002 0.365748 0.410337 0.462189 0.523323 
0.192154 0.213237 0.236858 0.26341 0.293375 0.327364 0.366163 0.410816 0.46275 0.52399 
0.192354 0.21346 0.237109 0.263692 0.293694 0.327727 0.366579 0.411297 0.463312 0.524659 
0.192553 0.213683 0.237359 0.263974 0.294013 0.32809 0.366995 0.411778 0.463876 0.525328 
0.192753 0.213907 0.23761 0.264257 0.294333 0.328453 0.367412 0.41226 0.46444 0.525999 
0.192953 0.214131 0.237861 0.26454 0.294653 0.328818 0.367829 0.412743 0.465005 0.526671 
0.193153 0.214355 0.238113 0.264823 0.294973 0.329182 0.368247 0.413226 0.465571 0.527345 
0.193354 0.214579 0.238365 0.265106 0.295294 0.329547 0.368665 0.41371 0.466138 0.528019 
0.193555 0.214804 0.238617 0.26539 0.295616 0.329913 0.369084 0.414195 0.466706 0.528695 
0.193755 0.215028 0.238869 0.265674 0.295937 0.330279 0.369504 0.414681 0.467275 0.529372 
0.193957 0.215254 0.239122 0.265959 0.296259 0.330645 0.369924 0.415167 0.467844 0.530051 
0.194158 0.215479 0.239375 0.266244 0.296582 0.331012 0.370345 0.415654 0.468415 0.53073 
0.19436 0.215704 0.239628 0.266529 0.296905 0.33138 0.370766 0.416142 0.468987 0.531411 
0.194561 0.21593 0.239881 0.266815 0.297228 0.331748 0.371189 0.416631 0.469559 0.532093 
0.194763 0.216156 0.240135 0.267101 0.297552 0.332117 0.371611 0.41712 0.470133 0.532777 
0.194966 0.216383 0.240389 0.267387 0.297876 0.332486 0.372034 0.41761 0.470707 0.533461 
0.195168 0.21661 0.240644 0.267674 0.2982 0.332855 0.372458 0.418101 0.471283 0.534147 
0.195371 0.216836 0.240898 0.267961 0.298525 0.333225 0.372883 0.418592 0.471859 0.534834 
0.195574 0.217064 0.241153 0.268248 0.29885 0.333595 0.373308 0.419085 0.472437 0.535523 
0.195777 0.217291 0.241409 0.268536 0.299176 0.333966 0.373733 0.419578 0.473015 0.536213 
0.19598 0.217519 0.241664 0.268824 0.299502 0.334338 0.37416 0.420072 0.473594 0.536904 
0.196184 0.217747 0.24192 0.269113 0.299829 0.33471 0.374586 0.420566 0.474175 0.537596 
0.196388 0.217975 0.242177 0.269401 0.300156 0.335082 0.375014 0.421062 0.474756 0.53829 
0.196592 0.218203 0.242433 0.26969 0.300483 0.335455 0.375442 0.421558 0.475338 0.538984 
0.196796 0.218432 0.24269 0.26998 0.300811 0.335829 0.375871 0.422054 0.475922 0.539681 
0.197001 0.218661 0.242947 0.27027 0.301139 0.336203 0.3763 0.422552 0.476506 0.540378 
0.197206 0.21889 0.243205 0.27056 0.301468 0.336577 0.37673 0.42305 0.477091 0.541077 
0.197411 0.21912 0.243462 0.270851 0.301797 0.336952 0.37716 0.42355 0.477677 0.541777 
0.197616 0.21935 0.24372 0.271141 0.302127 0.337328 0.377591 0.42405 0.478264 0.542479 
0.197821 0.21958 0.243979 0.271433 0.302456 0.337704 0.378023 0.42455 0.478852 0.543181 
0.198027 0.21981 0.244237 0.271724 0.302787 0.33808 0.378455 0.425052 0.479442 0.543885 
0.198233 0.22004 0.244496 0.272016 0.303118 0.338457 0.378888 0.425554 0.480032 0.544591 
0.198439 0.220271 0.244756 0.272309 0.303449 0.338834 0.379322 0.426057 0.480623 0.545298 
0.198645 0.220502 0.245015 0.272601 0.30378 0.339212 0.379756 0.426561 0.481215 0.546006 
0.198852 0.220734 0.245275 0.272894 0.304112 0.339591 0.380191 0.427065 0.481808 0.546715 
0.199059 0.220965 0.245535 0.273188 0.304445 0.33997 0.380627 0.427571 0.482402 0.547426 
0.199266 0.221197 0.245796 0.273481 0.304778 0.340349 0.381063 0.428077 0.482998 0.548138 
0.199473 0.221429 0.246056 0.273776 0.305111 0.340729 0.381499 0.428584 0.483594 0.548852 
0.199681 0.221662 0.246318 0.27407 0.305445 0.34111 0.381937 0.429091 0.484191 0.549567 
0.199888 0.221894 0.246579 0.274365 0.305779 0.341491 0.382375 0.4296 0.484789 0.550283 
0.200096 0.222127 0.246841 0.27466 0.306113 0.341873 0.382813 0.430109 0.485388 0.551 
0.200305 0.222361 0.247103 0.274956 0.306448 0.342255 0.383252 0.430619 0.485989 0.551719 
0.200513 0.222594 0.247365 0.275252 0.306784 0.342637 0.383692 0.43113 0.48659 0.55244 
0.200722 0.222828 0.247628 0.275548 0.30712 0.34302 0.384133 0.431642 0.487192 0.553161 
0.200931 0.223062 0.247891 0.275845 0.307456 0.343404 0.384574 0.432154 0.487796 0.553885 
0.20114 0.223296 0.248154 0.276142 0.307793 0.343788 0.385016 0.432667 0.4884 0.554609 
0.201349 0.223531 0.248418 0.276439 0.30813 0.344173 0.385458 0.433182 0.489005 0.555335 
0.201559 0.223766 0.248682 0.276737 0.308468 0.344558 0.385901 0.433696 0.489612 0.556062 
0.201769 0.224001 0.248946 0.277035 0.308806 0.344944 0.386345 0.434212 0.490219 0.556791 
0.201979 0.224236 0.24921 0.277333 0.309144 0.34533 0.386789 0.434729 0.490828 0.557521 
0.202189 0.224472 0.249475 0.277632 0.309483 0.345717 0.387234 0.435246 0.491437 0.558253 
0.2024 0.224708 0.24974 0.277931 0.309822 0.346104 0.38768 0.435764 0.492048 0.558986 
0.202611 0.224944 0.250006 0.278231 0.310162 0.346492 0.388126 0.436283 0.49266 0.55972 
0.202822 0.22518 0.250272 0.278531 0.310502 0.34688 0.388573 0.436803 0.493273 0.560456 
0.203033 0.225417 0.250538 0.278831 0.310843 0.347269 0.389021 0.437323 0.493886 0.561193 
0.203244 0.225654 0.250804 0.279132 0.311184 0.347659 0.389469 0.437845 0.494501 0.561932 
0.203456 0.225891 0.251071 0.279433 0.311526 0.348049 0.389918 0.438367 0.495117 0.562672 
0.203668 0.226129 0.251338 0.279734 0.311868 0.348439 0.390367 0.43889 0.495734 0.563413 
0.20388 0.226367 0.251605 0.280036 0.31221 0.34883 0.390817 0.439414 0.496352 0.564156 
0.204093 0.226605 0.251873 0.280338 0.312553 0.349222 0.391268 0.439938 0.496972 0.564901 
0.204306 0.226843 0.252141 0.280641 0.312896 0.349614 0.39172 0.440464 0.497592 0.565647 
0.204519 0.227082 0.252409 0.280944 0.31324 0.350006 0.392172 0.44099 0.498213 0.566394 
0.204732 0.227321 0.252678 0.281247 0.313584 0.3504 0.392625 0.441517 0.498836 0.567143 
0.204945 0.22756 0.252947 0.281551 0.313929 0.350793 0.393078 0.442045 0.499459 0.567893 
0.205159 0.227799 0.253216 0.281855 0.314274 0.351187 0.393532 0.442574 0.500084 0.568645 
0.205373 0.228039 0.253486 0.282159 0.314619 0.351582 0.393987 0.443104 0.500709 0.569398 
0.205587 0.228279 0.253756 0.282464 0.314965 0.351978 0.394443 0.443634 0.501336 0.570153 
0.205801 0.22852 0.254026 0.282769 0.315312 0.352373 0.394899 0.444166 0.501964 0.570909 
0.206016 0.22876 0.254297 0.283075 0.315659 0.35277 0.395356 0.444698 0.502593 0.571667 
0.206231 0.229001 0.254567 0.283381 0.316006 0.353167 0.395813 0.445231 0.503223 0.572426 
0.206446 0.229242 0.254839 0.283687 0.316354 0.353564 0.396271 0.445765 0.503854 0.573187 
0.206661 0.229484 0.25511 0.283994 0.316702 0.353962 0.39673 0.4463 0.504487 0.573949 
0.206877 0.229725 0.255382 0.284301 0.317051 0.354361 0.39719 0.446835 0.50512 0.574713 
0.207093 0.229967 0.255654 0.284608 0.3174 0.35476 0.39765 0.447372 0.505755 0.575478 
0.207309 0.23021 0.255927 0.284916 0.31775 0.35516 0.398111 0.447909 0.50639 0.576245 
0.207525 0.230452 0.2562 0.285225 0.3181 0.35556 0.398572 0.448447 0.507027 0.577013 
0.207742 0.230695 0.256473 0.285533 0.31845 0.355961 0.399034 0.448986 0.507665 0.577783 
0.207959 0.230938 0.256746 0.285842 0.318801 0.356362 0.399497 0.449526 0.508304 0.578555 
0.208176 0.231181 0.25702 0.286152 0.319153 0.356764 0.399961 0.450067 0.508944 0.579328 
0.208393 0.231425 0.257294 0.286461 0.319504 0.357166 0.400425 0.450609 0.509586 0.580102 
0.208611 0.231669 0.257569 0.286771 0.319857 0.357569 0.40089 0.451151 0.510228 0.580878 
0.208828 0.231913 0.257844 0.287082 0.32021 0.357973 0.401356 0.451695 0.510872 0.581656 
0.209046 0.232158 0.258119 0.287393 0.320563 0.358377 0.401822 0.452239 0.511517 0.582435 
0.209265 0.232403 0.258394 0.287704 0.320917 0.358782 0.402289 0.452784 0.512163 0.583216 
0.209483 0.232648 0.25867 0.288016 0.321271 0.359187 0.402757 0.45333 0.51281 0.583998 
0.209702 0.232893 0.258946 0.288328 0.321625 0.359593 0.403225 0.453877 0.513458 0.584782 
0.209921 0.233139 0.259223 0.288641 0.321981 0.359999 0.403694 0.454425 0.514107 0.585568 
0.21014 0.233385 0.2595 0.288953 0.322336 0.360406 0.404164 0.454974 0.514758 0.586355 
0.21036 0.233631 0.259777 0.289267 0.322692 0.360814 0.404635 0.455523 0.51541 0.587144 
0.21058 0.233878 0.260054 0.28958 0.323049 0.361222 0.405106 0.456074 0.516063 0.587934 
0.2108 0.234124 0.260332 0.289894 0.323406 0.36163 0.405578 0.456625 0.516717 0.588726 
0.21102 0.234371 0.26061 0.290209 0.323763 0.36204 0.406051 0.457177 0.517372 0.58952 
0.211241 0.234619 0.260889 0.290524 0.324121 0.362449 0.406524 0.457731 0.518028 0.590315 
0.211461 0.234867 0.261167 0.290839 0.32448 0.36286 0.406998 0.458285 0.518686 0.591112 
0.211682 0.235115 0.261447 0.291155 0.324838 0.363271 0.407473 0.45884 0.519345 0.59191 
0.211904 0.235363 0.261726 0.291471 0.325198 0.363682 0.407948 0.459396 0.520005 0.59271 
0.212125 0.235611 0.262006 0.291787 0.325558 0.364094 0.408425 0.459952 0.520666 0.593512 
0.212347 0.23586 0.262286 0.292104 0.325918 0.364507 0.408901 0.46051 0.521328 0.594315 
0.212569 0.236109 0.262567 0.292421 0.326279 0.36492 0.409379 0.461069 0.521992 0.595121 
0.212791 0.236359 0.262847 0.292739 0.32664 0.365334 0.409857 0.461628 0.522657 0.595927 
0.213014 0.236608 0.263129 0.293057 0.327002 0.365748 0.410337 0.462189 0.523323 0.596736 
0.213237 0.236858 0.26341 0.293375 0.327364 0.366163 0.410816 0.46275 0.52399 0.597546 
0.21346 0.237109 0.263692 0.293694 0.327727 0.366579 0.411297 0.463312 0.524659 0.598357 
0.213683 0.237359 0.263974 0.294013 0.32809 0.366995 0.411778 0.463876 0.525328 0.599171 
0.213907 0.23761 0.264257 0.294333 0.328453 0.367412 0.41226 0.46444 0.525999 0.599986 
0.214131 0.237861 0.26454 0.294653 0.328818 0.367829 0.412743 0.465005 0.526671 0.600803 
0.214355 0.238113 0.264823 0.294973 0.329182 0.368247 0.413226 0.465571 0.527345 0.601621 
0.214579 0.238365 0.265106 0.295294 0.329547 0.368665 0.41371 0.466138 0.528019 0.602442 
0.214804 0.238617 0.26539 0.295616 0.329913 0.369084 0.414195 0.466706 0.528695 0.603264 
0.215028 0.238869 0.265674 0.295937 0.330279 0.369504 0.414681 0.467275 0.529372 0.604087 
0.215254 0.239122 0.265959 0.296259 0.330645 0.369924 0.415167 0.467844 0.530051 0.604913 
0.215479 0.239375 0.266244 0.296582 0.331012 0.370345 0.415654 0.468415 0.53073 0.60574 
0.215704 0.239628 0.266529 0.296905 0.33138 0.370766 0.416142 0.468987 0.531411 0.606569 
0.21593 0.239881 0.266815 0.297228 0.331748 0.371189 0.416631 0.469559 0.532093 0.607399 
0.216156 0.240135 0.267101 0.297552 0.332117 0.371611 0.41712 0.470133 0.532777 0.608232 
0.216383 0.240389 0.267387 0.297876 0.332486 0.372034 0.41761 0.470707 0.533461 0.609066 
0.21661 0.240644 0.267674 0.2982 0.332855 0.372458 0.418101 0.471283 0.534147 0.609902 
0.216836 0.240898 0.267961 0.298525 0.333225 0.372883 0.418592 0.471859 0.534834 0.610739 
0.217064 0.241153 0.268248 0.29885 0.333595 0.373308 0.419085 0.472437 0.535523 0.611579 
0.217291 0.241409 0.268536 0.299176 0.333966 0.373733 0.419578 0.473015 0.536213 0.61242 
0.217519 0.241664 0.268824 0.299502 0.334338 0.37416 0.420072 0.473594 0.536904 0.613263 
0.217747 0.24192 0.269113 0.299829 0.33471 0.374586 0.420566 0.474175 0.537596 0.614108 
0.217975 0.242177 0.269401 0.300156 0.335082 0.375014 0.421062 0.474756 0.53829 0.614954 
0.218203 0.242433 0.26969 0.300483 0.335455 0.375442 0.421558 0.475338 0.538984 0.615803 
0.218432 0.24269 0.26998 0.300811 0.335829 0.375871 0.422054 0.475922 0.539681 0.616653 
0.218661 0.242947 0.27027 0.301139 0.336203 0.3763 0.422552 0.476506 0.540378 0.617505 
0.21889 0.243205 0.27056 0.301468 0.336577 0.37673 0.42305 0.477091 0.541077 0.618359 
0.21912 0.243462 0.270851 0.301797 0.336952 0.37716 0.42355 0.477677 0.541777 0.619215 
0.21935 0.24372 0.271141 0.302127 0.337328 0.377591 0.42405 0.478264 0.542479 0.620072 
0.21958 0.243979 0.271433 0.302456 0.337704 0.378023 0.42455 0.478852 0.543181 0.620932 
0.21981 0.244237 0.271724 0.302787 0.33808 0.378455 0.425052 0.479442 0.543885 0.621793 
0.22004 0.244496 0.272016 0.303118 0.338457 0.378888 0.425554 0.480032 0.544591 0.622656 
0.220271 0.244756 0.272309 0.303449 0.338834 0.379322 0.426057 0.480623 0.545298 0.623521 
0.220502 0.245015 0.272601 0.30378 0.339212 0.379756 0.426561 0.481215 0.546006 0.624388 
0.220734 0.245275 0.272894 0.304112 0.339591 0.380191 0.427065 0.481808 0.546715 0.625257 
0.220965 0.245535 0.273188 0.304445 0.33997 0.380627 0.427571 0.482402 0.547426 0.626127 
0.221197 0.245796 0.273481 0.304778 0.340349 0.381063 0.428077 0.482998 0.548138 0.627 
0.221429 0.246056 0.273776 0.305111 0.340729 0.381499 0.428584 0.483594 0.548852 0.627874 
0.221662 0.246318 0.27407 0.305445 0.34111 0.381937 0.429091 0.484191 0.549567 0.628751 
0.221894 0.246579 0.274365 0.305779 0.341491 0.382375 0.4296 0.484789 0.550283 0.629629 
0.222127 0.246841 0.27466 0.306113 0.341873 0.382813 0.430109 0.485388 0.551 0.630509 
0.222361 0.247103 0.274956 0.306448 0.342255 0.383252 0.430619 0.485989 0.551719 0.631391 
0.222594 0.247365 0.275252 0.306784 0.342637 0.383692 0.43113 0.48659 0.55244 0.632275 
0.222828 0.247628 0.275548 0.30712 0.34302 0.384133 0.431642 0.487192 0.553161 0.633161 
0.223062 0.247891 0.275845 0.307456 0.343404 0.384574 0.432154 0.487796 0.553885 0.634049 
0.223296 0.248154 0.276142 0.307793 0.343788 0.385016 0.432667 0.4884 0.554609 0.634939 
0.223531 0.248418 0.276439 0.30813 0.344173 0.385458 0.433182 0.489005 0.555335 0.635831 
0.223766 0.248682 0.276737 0.308468 0.344558 0.385901 0.433696 0.489612 0.556062 0.636725 
0.224001 0.248946 0.277035 0.308806 0.344944 0.386345 0.434212 0.490219 0.556791 0.637621 
0.224236 0.24921 0.277333 0.309144 0.34533 0.386789 0.434729 0.490828 0.557521 0.638519 
0.224472 0.249475 0.277632 0.309483 0.345717 0.387234 0.435246 0.491437 0.558253 0.639419 
0.224708 0.24974 0.277931 0.309822 0.346104 0.38768 0.435764 0.492048 0.558986 0.64032 
0.224944 0.250006 0.278231 0.310162 0.346492 0.388126 0.436283 0.49266 0.55972 0.641224 
0.22518 0.250272 0.278531 0.310502 0.34688 0.388573 0.436803 0.493273 0.560456 0.64213 
0.225417 0.250538 0.278831 0.310843 0.347269 0.389021 0.437323 0.493886 0.561193 0.643038 
0.225654 0.250804 0.279132 0.311184 0.347659 0.389469 0.437845 0.494501 0.561932 0.643948 
0.225891 0.251071 0.279433 0.311526 0.348049 0.389918 0.438367 0.495117 0.562672 0.64486 
0.226129 0.251338 0.279734 0.311868 0.348439 0.390367 0.43889 0.495734 0.563413 0.645774 
0.226367 0.251605 0.280036 0.31221 0.34883 0.390817 0.439414 0.496352 0.564156 0.64669 
0.226605 0.251873 0.280338 0.312553 0.349222 0.391268 0.439938 0.496972 0.564901 0.647608 
0.226843 0.252141 0.280641 0.312896 0.349614 0.39172 0.440464 0.497592 0.565647 0.648529 
0.227082 0.252409 0.280944 0.31324 0.350006 0.392172 0.44099 0.498213 0.566394 0.649451 
0.227321 0.252678 0.281247 0.313584 0.3504 0.392625 0.441517 0.498836 0.567143 0.650375 
0.22756 0.252947 0.281551 0.313929 0.350793 0.393078 0.442045 0.499459 0.567893 0.651302 
0.227799 0.253216 0.281855 0.314274 0.351187 0.393532 0.442574 0.500084 0.568645 0.652231 
0.228039 0.253486 0.282159 0.314619 0.351582 0.393987 0.443104 0.500709 0.569398 0.653161 
0.228279 0.253756 0.282464 0.314965 0.351978 0.394443 0.443634 0.501336 0.570153 0.654094 
0.22852 0.254026 0.282769 0.315312 0.352373 0.394899 0.444166 0.501964 0.570909 0.655029 
0.22876 0.254297 0.283075 0.315659 0.35277 0.395356 0.444698 0.502593 0.571667 0.655966 
0.229001 0.254567 0.283381 0.316006 0.353167 0.395813 0.445231 0.503223 0.572426 0.656906 
0.229242 0.254839 0.283687 0.316354 0.353564 0.396271 0.445765 0.503854 0.573187 0.657847 
0.229484 0.25511 0.283994 0.316702 0.353962 0.39673 0.4463 0.504487 0.573949 0.658791 
0.229725 0.255382 0.284301 0.317051 0.354361 0.39719 0.446835 0.50512 0.574713 0.659736 
0.229967 0.255654 0.284608 0.3174 0.35476 0.39765 0.447372 0.505755 0.575478 0.660684 
0.23021 0.255927 0.284916 0.31775 0.35516 0.398111 0.447909 0.50639 0.576245 0.661635 
0.230452 0.2562 0.285225 0.3181 0.35556 0.398572 0.448447 0.507027 0.577013 0.662587 
0.230695 0.256473 0.285533 0.31845 0.355961 0.399034 0.448986 0.507665 0.577783 0.663542 
0.230938 0.256746 0.285842 0.318801 0.356362 0.399497 0.449526 0.508304 0.578555 0.664498 
0.231181 0.25702 0.286152 0.319153 0.356764 0.399961 0.450067 0.508944 0.579328 0.665457 
0.231425 0.257294 0.286461 0.319504 0.357166 0.400425 0.450609 0.509586 0.580102 0.666419 
0.231669 0.257569 0.286771 0.319857 0.357569 0.40089 0.451151 0.510228 0.580878 0.667382 
0.231913 0.257844 0.287082 0.32021 0.357973 0.401356 0.451695 0.510872 0.581656 0.668348 
0.232158 0.258119 0.287393 0.320563 0.358377 0.401822 0.452239 0.511517 0.582435 0.669316 
0.232403 0.258394 0.287704 0.320917 0.358782 0.402289 0.452784 0.512163 0.583216 0.670286 
0.232648 0.25867 0.288016 0.321271 0.359187 0.402757 0.45333 0.51281 0.583998 0.671259 
0.232893 0.258946 0.288328 0.321625 0.359593 0.403225 0.453877 0.513458 0.584782 0.672234 
0.233139 0.259223 0.288641 0.321981 0.359999 0.403694 0.454425 0.514107 0.585568 0.673211 
0.233385 0.2595 0.288953 0.322336 0.360406 0.404164 0.454974 0.514758 0.586355 0.67419 
0.233631 0.259777 0.289267 0.322692 0.360814 0.404635 0.455523 0.51541 0.587144 0.675172 
0.233878 0.260054 0.28958 0.323049 0.361222 0.405106 0.456074 0.516063 0.587934 0.676156 
0.234124 0.260332 0.289894 0.323406 0.36163 0.405578 0.456625 0.516717 0.588726 0.677143 
0.234371 0.26061 0.290209 0.323763 0.36204 0.406051 0.457177 0.517372 0.58952 0.678132 
0.234619 0.260889 0.290524 0.324121 0.362449 0.406524 0.457731 0.518028 0.590315 0.679123 
0.234867 0.261167 0.290839 0.32448 0.36286 0.406998 0.458285 0.518686 0.591112 0.680116 
0.235115 0.261447 0.291155 0.324838 0.363271 0.407473 0.45884 0.519345 0.59191 0.681112 
0.235363 0.261726 0.291471 0.325198 0.363682 0.407948 0.459396 0.520005 0.59271 0.68211 
0.235611 0.262006 0.291787 0.325558 0.364094 0.408425 0.459952 0.520666 0.593512 0.683111 
0.23586 0.262286 0.292104 0.325918 0.364507 0.408901 0.46051 0.521328 0.594315 0.684114 
0.236109 0.262567 0.292421 0.326279 0.36492 0.409379 0.461069 0.521992 0.595121 0.68512 
0.236359 0.262847 0.292739 0.32664 0.365334 0.409857 0.461628 0.522657 0.595927 0.686128 
0.236608 0.263129 0.293057 0.327002 0.365748 0.410337 0.462189 0.523323 0.596736 0.687138 
0.236858 0.26341 0.293375 0.327364 0.366163 0.410816 0.46275 0.52399 0.597546 0.688151 
0.237109 0.263692 0.293694 0.327727 0.366579 0.411297 0.463312 0.524659 0.598357 0.689166 
0.237359 0.263974 0.294013 0.32809 0.366995 0.411778 0.463876 0.525328 0.599171 0.690184 
0.23761 0.264257 0.294333 0.328453 0.367412 0.41226 0.46444 0.525999 0.599986 0.691204 
0.237861 0.26454 0.294653 0.328818 0.367829 0.412743 0.465005 0.526671 0.600803 0.692227 
0.238113 0.264823 0.294973 0.329182 0.368247 0.413226 0.465571 0.527345 0.601621 0.693252 
0.238365 0.265106 0.295294 0.329547 0.368665 0.41371 0.466138 0.528019 0.602442 0.694279 
0.238617 0.26539 0.295616 0.329913 0.369084 0.414195 0.466706 0.528695 0.603264 0.69531 
0.238869 0.265674 0.295937 0.330279 0.369504 0.414681 0.467275 0.529372 0.604087 0.696342 
0.239122 0.265959 0.296259 0.330645 0.369924 0.415167 0.467844 0.530051 0.604913 0.697378 
0.239375 0.266244 0.296582 0.331012 0.370345 0.415654 0.468415 0.53073 0.60574 0.698415 
0.239628 0.266529 0.296905 0.33138 0.370766 0.416142 0.468987 0.531411 0.606569 0.699456 
0.239881 0.266815 0.297228 0.331748 0.371189 0.416631 0.469559 0.532093 0.607399 0.700499 
0.240135 0.267101 0.297552 0.332117 0.371611 0.41712 0.470133 0.532777 0.608232 0.701544 
0.240389 0.267387 0.297876 0.332486 0.372034 0.41761 0.470707 0.533461 0.609066 0.702592 
0.240644 0.267674 0.2982 0.332855 0.372458 0.418101 0.471283 0.534147 0.609902 0.703643 
0.240898 0.267961 0.298525 0.333225 0.372883 0.418592 0.471859 0.534834 0.610739 0.704696 
0.241153 0.268248 0.29885 0.333595 0.373308 0.419085 0.472437 0.535523 0.611579 0.705752 
0.241409 0.268536 0.299176 0.333966 0.373733 0.419578 0.473015 0.536213 0.61242 0.706811 
0.241664 0.268824 0.299502 0.334338 0.37416 0.420072 0.473594 0.536904 0.613263 0.707872 
0.24192 0.269113 0.299829 0.33471 0.374586 0.420566 0.474175 0.537596 0.614108 0.708936 
0.242177 0.269401 0.300156 0.335082 0.375014 0.421062 0.474756 0.53829 0.614954 0.710003 
0.242433 0.26969 0.300483 0.335455 0.375442 0.421558 0.475338 0.538984 0.615803 0.711072 
0.24269 0.26998 0.300811 0.335829 0.375871 0.422054 0.475922 0.539681 0.616653 0.712144 
0.242947 0.27027 0.301139 0.336203 0.3763 0.422552 0.476506 0.540378 0.617505 0.713219 
0.243205 0.27056 0.301468 0.336577 0.37673 0.42305 0.477091 0.541077 0.618359 0.714296 
0.243462 0.270851 0.301797 0.336952 0.37716 0.42355 0.477677 0.541777 0.619215 0.715376 
0.24372 0.271141 0.302127 0.337328 0.377591 0.42405 0.478264 0.542479 0.620072 0.716459 
0.243979 0.271433 0.302456 0.337704 0.378023 0.42455 0.478852 0.543181 0.620932 0.717545 
0.244237 0.271724 0.302787 0.33808 0.378455 0.425052 0.479442 0.543885 0.621793 0.718633 
0.244496 0.272016 0.303118 0.338457 0.378888 0.425554 0.480032 0.544591 0.622656 0.719724 
0.244756 0.272309 0.303449 0.338834 0.379322 0.426057 0.480623 0.545298 0.623521 0.720818 
0.245015 0.272601 0.30378 0.339212 0.379756 0.426561 0.481215 0.546006 0.624388 0.721915 
0.245275 0.272894 0.304112 0.339591 0.380191 0.427065 0.481808 0.546715 0.625257 0.723014 
0.245535 0.273188 0.304445 0.33997 0.380627 0.427571 0.482402 0.547426 0.626127 0.724117 
0.245796 0.273481 0.304778 0.340349 0.381063 0.428077 0.482998 0.548138 0.627 0.725222 
0.246056 0.273776 0.305111 0.340729 0.381499 0.428584 0.483594 0.548852 0.627874 0.72633 
0.246318 0.27407 0.305445 0.34111 0.381937 0.429091 0.484191 0.549567 0.628751 0.727441 
0.246579 0.274365 0.305779 0.341491 0.382375 0.4296 0.484789 0.550283 0.629629 0.728555 
0.246841 0.27466 0.306113 0.341873 0.382813 0.430109 0.485388 0.551 0.630509 0.729672 
0.247103 0.274956 0.306448 0.342255 0.383252 0.430619 0.485989 0.551719 0.631391 0.730791 
0.247365 0.275252 0.306784 0.342637 0.383692 0.43113 0.48659 0.55244 0.632275 0.731914 
0.247628 0.275548 0.30712 0.34302 0.384133 0.431642 0.487192 0.553161 0.633161 0.733039 
0.247891 0.275845 0.307456 0.343404 0.384574 0.432154 0.487796 0.553885 0.634049 0.734168 
0.248154 0.276142 0.307793 0.343788 0.385016 0.432667 0.4884 0.554609 0.634939 0.735299 
0.248418 0.276439 0.30813 0.344173 0.385458 0.433182 0.489005 0.555335 0.635831 0.736433 
0.248682 0.276737 0.308468 0.344558 0.385901 0.433696 0.489612 0.556062 0.636725 0.737571 
0.248946 0.277035 0.308806 0.344944 0.386345 0.434212 0.490219 0.556791 0.637621 0.738711 
0.24921 0.277333 0.309144 0.34533 0.386789 0.434729 0.490828 0.557521 0.638519 0.739854 
0.249475 0.277632 0.309483 0.345717 0.387234 0.435246 0.491437 0.558253 0.639419 0.741001 
0.24974 0.277931 0.309822 0.346104 0.38768 0.435764 0.492048 0.558986 0.64032 0.74215 
0.250006 0.278231 0.310162 0.346492 0.388126 0.436283 0.49266 0.55972 0.641224 0.743302 
0.250272 0.278531 0.310502 0.34688 0.388573 0.436803 0.493273 0.560456 0.64213 0.744458 
0.250538 0.278831 0.310843 0.347269 0.389021 0.437323 0.493886 0.561193 0.643038 0.745616 
0.250804 0.279132 0.311184 0.347659 0.389469 0.437845 0.494501 0.561932 0.643948 0.746778 
0.251071 0.279433 0.311526 0.348049 0.389918 0.438367 0.495117 0.562672 0.64486 0.747943 
0.251338 0.279734 0.311868 0.348439 0.390367 0.43889 0.495734 0.563413 0.645774 0.749111 
0.251605 0.280036 0.31221 0.34883 0.390817 0.439414 0.496352 0.564156 0.64669 0.750282 
0.251873 0.280338 0.312553 0.349222 0.391268 0.439938 0.496972 0.564901 0.647608 0.751456 
0.252141 0.280641 0.312896 0.349614 0.39172 0.440464 0.497592 0.565647 0.648529 0.752634 
0.252409 0.280944 0.31324 0.350006 0.392172 0.44099 0.498213 0.566394 0.649451 0.753814 
0.252678 0.281247 0.313584 0.3504 0.392625 0.441517 0.498836 0.567143 0.650375 0.754998 
0.252947 0.281551 0.313929 0.350793 0.393078 0.442045 0.499459 0.567893 0.651302 0.756185 
0.253216 0.281855 0.314274 0.351187 0.393532 0.442574 0.500084 0.568645 0.652231 0.757375 
0.253486 0.282159 0.314619 0.351582 0.393987 0.443104 0.500709 0.569398 0.653161 0.758568 
0.253756 0.282464 0.314965 0.351978 0.394443 0.443634 0.501336 0.570153 0.654094 0.759765 
0.254026 0.282769 0.315312 0.352373 0.394899 0.444166 0.501964 0.570909 0.655029 0.760965 
0.254297 0.283075 0.315659 0.35277 0.395356 0.444698 0.502593 0.571667 0.655966 0.762168 
0.254567 0.283381 0.316006 0.353167 0.395813 0.445231 0.503223 0.572426 0.656906 0.763375 
0.254839 0.283687 0.316354 0.353564 0.396271 0.445765 0.503854 0.573187 0.657847 0.764585 
0.25511 0.283994 0.316702 0.353962 0.39673 0.4463 0.504487 0.573949 0.658791 0.765798 
0.255382 0.284301 0.317051 0.354361 0.39719 0.446835 0.50512 0.574713 0.659736 0.767015 
0.255654 0.284608 0.3174 0.35476 0.39765 0.447372 0.505755 0.575478 0.660684 0.768235 
0.255927 0.284916 0.31775 0.35516 0.398111 0.447909 0.50639 0.576245 0.661635 0.769458 
0.2562 0.285225 0.3181 0.35556 0.398572 0.448447 0.507027 0.577013 0.662587 0.770685 
0.256473 0.285533 0.31845 0.355961 0.399034 0.448986 0.507665 0.577783 0.663542 0.771915 
0.256746 0.285842 0.318801 0.356362 0.399497 0.449526 0.508304 0.578555 0.664498 0.773148 
0.25702 0.286152 0.319153 0.356764 0.399961 0.450067 0.508944 0.579328 0.665457 0.774385 
0.257294 0.286461 0.319504 0.357166 0.400425 0.450609 0.509586 0.580102 0.666419 0.775626 
0.257569 0.286771 0.319857 0.357569 0.40089 0.451151 0.510228 0.580878 0.667382 0.77687 
0.257844 0.287082 0.32021 0.357973 0.401356 0.451695 0.510872 0.581656 0.668348 0.778117 
0.258119 0.287393 0.320563 0.358377 0.401822 0.452239 0.511517 0.582435 0.669316 0.779368 
0.258394 0.287704 0.320917 0.358782 0.402289 0.452784 0.512163 0.583216 0.670286 0.780623 
0.25867 0.288016 0.321271 0.359187 0.402757 0.45333 0.51281 0.583998 0.671259 0.781881 
0.258946 0.288328 0.321625 0.359593 0.403225 0.453877 0.513458 0.584782 0.672234 0.783143 
0.259223 0.288641 0.321981 0.359999 0.403694 0.454425 0.514107 0.585568 0.673211 0.784408 
0.2595 0.288953 0.322336 0.360406 0.404164 0.454974 0.514758 0.586355 0.67419 0.785677 
0.259777 0.289267 0.322692 0.360814 0.404635 0.455523 0.51541 0.587144 0.675172 0.786949 
0.260054 0.28958 0.323049 0.361222 0.405106 0.456074 0.516063 0.587934 0.676156 0.788225 
0.260332 0.289894 0.323406 0.36163 0.405578 0.456625 0.516717 0.588726 0.677143 0.789505 
0.26061 0.290209 0.323763 0.36204 0.406051 0.457177 0.517372 0.58952 0.678132 0.790789 
0.260889 0.290524 0.324121 0.362449 0.406524 0.457731 0.518028 0.590315 0.679123 0.792076 
0.261167 0.290839 0.32448 0.36286 0.406998 0.458285 0.518686 0.591112 0.680116 0.793367 
0.261447 0.291155 0.324838 0.363271 0.407473 0.45884 0.519345 0.59191 0.681112 0.794661 
0.261726 0.291471 0.325198 0.363682 0.407948 0.459396 0.520005 0.59271 0.68211 0.79596 
0.262006 0.291787 0.325558 0.364094 0.408425 0.459952 0.520666 0.593512 0.683111 0.797262 
0.262286 0.292104 0.325918 0.364507 0.408901 0.46051 0.521328 0.594315 0.684114 0.798568 
0.262567 0.292421 0.326279 0.36492 0.409379 0.461069 0.521992 0.595121 0.68512 0.799877 
0.262847 0.292739 0.32664 0.365334 0.409857 0.461628 0.522657 0.595927 0.686128 0.801191 
0.263129 0.293057 0.327002 0.365748 0.410337 0.462189 0.523323 0.596736 0.687138 0.802508 
0.26341 0.293375 0.327364 0.366163 0.410816 0.46275 0.52399 0.597546 0.688151 0.80383 
0.263692 0.293694 0.327727 0.366579 0.411297 0.463312 0.524659 0.598357 0.689166 0.805155 
0.263974 0.294013 0.32809 0.366995 0.411778 0.463876 0.525328 0.599171 0.690184 0.806484 
0.264257 0.294333 0.328453 0.367412 0.41226 0.46444 0.525999 0.599986 0.691204 0.807817 
0.26454 0.294653 0.328818 0.367829 0.412743 0.465005 0.526671 0.600803 0.692227 0.809154 
0.264823 0.294973 0.329182 0.368247 0.413226 0.465571 0.527345 0.601621 0.693252 0.810495 
0.265106 0.295294 0.329547 0.368665 0.41371 0.466138 0.528019 0.602442 0.694279 0.81184 
0.26539 0.295616 0.329913 0.369084 0.414195 0.466706 0.528695 0.603264 0.69531 0.813189 
0.265674 0.295937 0.330279 0.369504 0.414681 0.467275 0.529372 0.604087 0.696342 0.814542 
0.265959 0.296259 0.330645 0.369924 0.415167 0.467844 0.530051 0.604913 0.697378 0.815899 
0.266244 0.296582 0.331012 0.370345 0.415654 0.468415 0.53073 0.60574 0.698415 0.81726 
0.266529 0.296905 0.33138 0.370766 0.416142 0.468987 0.531411 0.606569 0.699456 0.818625 
0.266815 0.297228 0.331748 0.371189 0.416631 0.469559 0.532093 0.607399 0.700499 0.819994 
0.267101 0.297552 0.332117 0.371611 0.41712 0.470133 0.532777 0.608232 0.701544 0.821368 
0.267387 0.297876 0.332486 0.372034 0.41761 0.470707 0.533461 0.609066 0.702592 0.822745 
0.267674 0.2982 0.332855 0.372458 0.418101 0.471283 0.534147 0.609902 0.703643 0.824127 
0.267961 0.298525 0.333225 0.372883 0.418592 0.471859 0.534834 0.610739 0.704696 0.825513 
0.268248 0.29885 0.333595 0.373308 0.419085 0.472437 0.535523 0.611579 0.705752 0.826903 
0.268536 0.299176 0.333966 0.373733 0.419578 0.473015 0.536213 0.61242 0.706811 0.828297 
0.268824 0.299502 0.334338 0.37416 0.420072 0.473594 0.536904 0.613263 0.707872 0.829696 
0.269113 0.299829 0.33471 0.374586 0.420566 0.474175 0.537596 0.614108 0.708936 0.831099 
0.269401 0.300156 0.335082 0.375014 0.421062 0.474756 0.53829 0.614954 0.710003 0.832507 
0.26969 0.300483 0.335455 0.375442 0.421558 0.475338 0.538984 0.615803 0.711072 0.833918 
0.26998 0.300811 0.335829 0.375871 0.422054 0.475922 0.539681 0.616653 0.712144 0.835334 
0.27027 0.301139 0.336203 0.3763 0.422552 0.476506 0.540378 0.617505 0.713219 0.836755 
0.27056 0.301468 0.336577 0.37673 0.42305 0.477091 0.541077 0.618359 0.714296 0.838179 
0.270851 0.301797 0.336952 0.37716 0.42355 0.477677 0.541777 0.619215 0.715376 0.839609 
0.271141 0.302127 0.337328 0.377591 0.42405 0.478264 0.542479 0.620072 0.716459 0.841042 
0.271433 0.302456 0.337704 0.378023 0.42455 0.478852 0.543181 0.620932 0.717545 0.842481 
0.271724 0.302787 0.33808 0.378455 0.425052 0.479442 0.543885 0.621793 0.718633 0.843923 
0.272016 0.303118 0.338457 0.378888 0.425554 0.480032 0.544591 0.622656 0.719724 0.845371 
0.272309 0.303449 0.338834 0.379322 0.426057 0.480623 0.545298 0.623521 0.720818 0.846822 
0.272601 0.30378 0.339212 0.379756 0.426561 0.481215 0.546006 0.624388 0.721915 0.848279 
0.272894 0.304112 0.339591 0.380191 0.427065 0.481808 0.546715 0.625257 0.723014 0.84974 
0.273188 0.304445 0.33997 0.380627 0.427571 0.482402 0.547426 0.626127 0.724117 0.851205 
0.273481 0.304778 0.340349 0.381063 0.428077 0.482998 0.548138 0.627 0.725222 0.852676 
0.273776 0.305111 0.340729 0.381499 0.428584 0.483594 0.548852 0.627874 0.72633 0.854151 
0.27407 0.305445 0.34111 0.381937 0.429091 0.484191 0.549567 0.628751 0.727441 0.85563 
0.274365 0.305779 0.341491 0.382375 0.4296 0.484789 0.550283 0.629629 0.728555 0.857115 
0.27466 0.306113 0.341873 0.382813 0.430109 0.485388 0.551 0.630509 0.729672 0.858604 
0.274956 0.306448 0.342255 0.383252 0.430619 0.485989 0.551719 0.631391 0.730791 0.860098 
0.275252 0.306784 0.342637 0.383692 0.43113 0.48659 0.55244 0.632275 0.731914 0.861597 
0.275548 0.30712 0.34302 0.384133 0.431642 0.487192 0.553161 0.633161 0.733039 0.8631 
0.275845 0.307456 0.343404 0.384574 0.432154 0.487796 0.553885 0.634049 0.734168 0.864609 
0.276142 0.307793 0.343788 0.385016 0.432667 0.4884 0.554609 0.634939 0.735299 0.866122 
0.276439 0.30813 0.344173 0.385458 0.433182 0.489005 0.555335 0.635831 0.736433 0.86764 
0.276737 0.308468 0.344558 0.385901 0.433696 0.489612 0.556062 0.636725 0.737571 0.869164 
0.277035 0.308806 0.344944 0.386345 0.434212 0.490219 0.556791 0.637621 0.738711 0.870692 
0.277333 0.309144 0.34533 0.386789 0.434729 0.490828 0.557521 0.638519 0.739854 0.872225 
0.277632 0.309483 0.345717 0.387234 0.435246 0.491437 0.558253 0.639419 0.741001 0.873764 
0.277931 0.309822 0.346104 0.38768 0.435764 0.492048 0.558986 0.64032 0.74215 0.875307 
0.278231 0.310162 0.346492 0.388126 0.436283 0.49266 0.55972 0.641224 0.743302 0.876856 
0.278531 0.310502 0.34688 0.388573 0.436803 0.493273 0.560456 0.64213 0.744458 0.878409 
0.278831 0.310843 0.347269 0.389021 0.437323 0.493886 0.561193 0.643038 0.745616 0.879968 
0.279132 0.311184 0.347659 0.389469 0.437845 0.494501 0.561932 0.643948 0.746778 0.881532 
0.279433 0.311526 0.348049 0.389918 0.438367 0.495117 0.562672 0.64486 0.747943 0.883101 
0.279734 0.311868 0.348439 0.390367 0.43889 0.495734 0.563413 0.645774 0.749111 0.884675 
0.280036 0.31221 0.34883 0.390817 0.439414 0.496352 0.564156 0.64669 0.750282 0.886255 
0.280338 0.312553 0.349222 0.391268 0.439938 0.496972 0.564901 0.647608 0.751456 0.88784 
0.280641 0.312896 0.349614 0.39172 0.440464 0.497592 0.565647 0.648529 0.752634 0.889431 
0.280944 0.31324 0.350006 0.392172 0.44099 0.498213 0.566394 0.649451 0.753814 0.891026 
0.281247 0.313584 0.3504 0.392625 0.441517 0.498836 0.567143 0.650375 0.754998 0.892627 
0.281551 0.313929 0.350793 0.393078 0.442045 0.499459 0.567893 0.651302 0.756185 0.894234 
0.281855 0.314274 0.351187 0.393532 0.442574 0.500084 0.568645 0.652231 0.757375 0.895846 
0.282159 0.314619 0.351582 0.393987 0.443104 0.500709 0.569398 0.653161 0.758568 0.897464 
